-0.16246286253746503
0.10885642649276088
-0.006233885640999202
0.11669236263803814
0.007968748622315966
-0.07626756493941492
-0.06549315273965874
0.0040507805496773335
0.10297947438380303
-0.03219042412223026
-0.05178026448542342
-0.010151853713637833
0.07996141195705089
-0.10467283346604504
-0.06941112081229736
0.05302538145766033
0.015314938758513374
-0.0008466795411210071
0.011396970685874742
-0.0018261715592807163
0.13922067905571042
0.05449461948489969
0.015804684767593228
0.11375388658355923
-0.10467283346604504
-0.08263426305745263
0.07947166594797105
-0.031210932104070555
0.1754618837276178
-0.05716747058530162
0.01384570073127381
-0.006723631650079057
0.19260299404541192
-0.04296483632198645
-0.08655223113009125
0.10199998236564332
0.1044487124110424
0.18819527996369342
-0.03316991614038977
-0.07283934287585614
0.001112304495198206
-0.06010594663978054
0.006009764585996546
-0.08655223113009125
0.04567919132146292
-0.02484423398603265
-0.03463915416762933
-0.04051610627658738
-0.1286703879109567
0.10004099832932391
-0.1296498799291164
0.16125924946430287
0.05204588943950062
0.11718210864711799
-0.0552084865489822
0.0016020505042780605
-0.10565232548420476
0.2190492785357228
-0.11299851562040217
0.030497065039988044
0.17056442363681948
0.20288766023608823
-0.025333979995112506
-0.0796957870029737
-0.05863670861254098
0.025109858940110055
-0.04786229641278479
-0.02092626591339402
-0.10124461140248628
-0.10957029355684339
0.0672280157209753
-0.027782710040511777
-0.11495749965672158
-0.0028056635774404257
0.05204588943950062
0.0491074133850217
-0.011131345731797544
-0.024354487976952797
0.0618408096210973
-0.06255467668517961
-0.04198534430382674
0.10983591851092059
0.180849089827496
-0.024354487976952797
0.025109858940110055
-0.0669623907668981
0.041271477239744433
0.2117030883995252
0.0069892566041562555
0.05890233356661818
-0.14287302217427186
0.02266112889471078
0.07114598379361392
0.04812792136686199
0.013355954722193955
-0.049331534440024145
0.05302538145766033
0.037843255176185454
-0.08851121516641067
0.06477928567557623
0.03245604907630746
-0.031210932104070555
0.20386715225424795
-0.005744139631919348
-0.006723631650079057
-0.08165477103929311
0.05204588943950062
-0.050800772467263715
-0.04394432834014616
-0.005254393622839493
0.0069892566041562555
-0.05863670861254098
-0.20164254326385153
0.04469969930330321
-0.027292964031431922
0.13579245699215164
-0.09536765929352822
0.11914109268343742
0.16370797950970192
0.00845849463139582
0.05449461948489969
-0.04149559829474689
0.11179490254724
0.07114598379361392
0.13334372694675237
-0.04198534430382674
-0.027782710040511777
0.10248972837472319
-0.11740622970212065
0.023150874903790638
-0.04737255040370494
-0.0077031236682387665
-0.12083445176567943
0.0755536978753324
0.11032566452000045
-0.1605038785011458
-0.04541356636738552
-0.07234959686677629
-0.050800772467263715
-0.028272456049591634
-0.0013364255502008617
0.09514353823852577
-0.04786229641278479
0.04469969930330321
-0.018967281877074808
-0.14532175221967092
-0.017987789858915096
0.11375388658355923
-0.1658910846010238
-0.11691648369304079
0.0755536978753324
0.09906150631116441
0.11963083869251727
0.029517573021828336
-0.01749804384983524
-0.1306293719472761
-0.01064159972271769
-0.09340867525720901
-0.09047019920272988
0.005520018576916692
-0.04492382035830587
-0.2613915563715907
-0.07088035883953672
0.04323046127606365
-0.0978163893389275
0.0006225584861183514
-0.10957029355684339
0.15293356730994573
0.06869725374821485
-0.06549315273965874
-0.0669623907668981
-0.171278290700902
-0.05814696260346112
0.041761223248824086
-0.05422899453082249
0.011886716694954596
-0.08165477103929311
0.042740715266983795
0.07653318989349212
0.11130515653816016
0.018253414812992294
0.08485887204784924
0.05694334953029896
-0.031210932104070555
0.23276216678995792
-0.04443407434922601
-0.05912645462162083
-0.09830613534800735
-0.05324950251266278
-0.04296483632198645
0.052535635448580476
-0.18743990900053636
0.1426489011192692
0.03588427113986624
0.0016020505042780605
0.06624852370281578
0.03882274719434516
-0.01455956779535632
0.0373535091671058
0.09612303025668528
-0.033659662149469624
0.1852568039092145
-0.08655223113009125
-0.15021921231046928
-0.01749804384983524
-0.0552084865489822
-0.002315917568360571
0.05792284154845867
-0.011621091740877398
0.14607712318282798
0.09122557016588714
0.053515127466740184
-0.08312400906653247
-0.022395503940633582
-0.04296483632198645
0.20876461234504629
0.05155614343042077
-0.019457027886154662
0.03196630306722761
-0.14042429212887259
-0.005744139631919348
-0.04737255040370494
-0.06010594663978054
-0.03219042412223026
-0.0032954095865202803
0.0246201129310302
-0.04394432834014616
0.08289988801153002
0.03392528710354682
0.0069892566041562555
0.08534861805692909
-0.06010594663978054
0.0437202072851435
-0.07920604099389385
0.05302538145766033
0.03196630306722761
-0.1340575940108349
0.029027827012748687
-0.016028805822595884
0.07212547581177363
0.10493845842012225
-0.061575184667019896
0.18378756588197495
0.041271477239744433
0.06477928567557623
0.08338963402060967
0.08045115796613075
0.05155614343042077
-0.12720114988371733
0.04861766737594184
0.09073582415680728
0.0554741115030594
-0.028762202058671284
-0.02582372600419236
0.09220506218404664
0.068207507739135
-0.05814696260346112
0.11963083869251727
0.16811569359142042
-0.10467283346604504
-0.004274901604679784
-0.11299851562040217
0.14460788515558862
0.04861766737594184
-0.06745213677597794
-0.027782710040511777
0.0246201129310302
0.035394525130786385
0.10934617250184074
-0.04688280439462508
0.12550779080147512
-0.03316991614038977
-0.03953661425842767
0.04567919132146292
0.00013281247703870208
0.02804833499458898
-0.014069821786276466
-0.017008297840755388
-0.03219042412223026
0.04567919132146292
0.040291985221584725
0.053515127466740184
-0.09389842126628886
0.023150874903790638
0.30916254420641137
-0.015049313804436174
-0.1614833705193053
0.023640620912870492
-0.13258835598359534
0.06135106361201745
0.11963083869251727
-0.1467909902469105
-0.02582372600419236
-0.06304442269425946
-0.05814696260346112
0.042740715266983795
-0.028762202058671284
0.03882274719434516
-0.07724705695757463
-0.04002636026750753
0.1671362015732607
-0.006233885640999202
0.0755536978753324
-0.1296498799291164
0.010907224676794888
-0.0307211860949907
0.0917153161749668
-0.05031102645818386
-0.030231440085910846
-0.028272456049591634
-0.1306293719472761
0.05694334953029896
-0.15805514845574653
-0.12328318181107871
0.0373535091671058
-0.028272456049591634
0.06037157159385774
0.07408445984809305
0.14852585322822726
-0.08851121516641067
-0.14287302217427186
-0.1487499742832297
0.03882274719434516
-0.013580075777196611
-0.04737255040370494
0.18819527996369342
0.0074790026132361105
-0.023374995958793294
-0.07088035883953672
0.03343554109446717
0.08534861805692909
0.06379979365741652
0.02070214485839157
0.15146432928270617
0.07016649177545442
-0.07724705695757463
-0.03561864618578904
0.06869725374821485
0.009437986649555323
-0.027292964031431922
-0.13748581607439367
0.006009764585996546
0.0016020505042780605
0.04225096925790394
0.1852568039092145
-0.14826022827414986
-0.0743085809030955
-0.14287302217427186
0.04225096925790394
-0.04786229641278479
0.12550779080147512
-0.08410350108469218
-0.171278290700902
0.027068842976429267
-0.0072133776591589115
-0.10026511938432657
-0.10467283346604504
0.057433095539378816
-0.043454582331066305
-0.06108543865794025
-0.016028805822595884
0.08534861805692909
-0.06206493067609975
0.09759226828392484
0.16566696354602115
-0.05422899453082249
-0.012110837749957047
0.05449461948489969
0.180849089827496
-0.14630124423783064
0.006009764585996546
0.04420995329422336
0.03637401714894609
-0.03904686824934782
-0.07234959686677629
-0.06108543865794025
0.1289360128650339
-0.073329088884936
-0.07724705695757463
-0.10908054754776353
-0.022885249949713436
-0.03316991614038977
-0.07283934287585614
0.1426489011192692
0.03392528710354682
-0.14923972029230956
-0.12916013392003656
-0.06892137480321751
0.0030712885315176243
-0.2373940019266791
0.09073582415680728
-0.02484423398603265
-0.03414940815854948
0.04812792136686199
0.05204588943950062
-0.0072133776591589115
0.2014184222088489
0.1108154105290803
0.16517721753694148
0.12305906075607605
0.17301315368221876
-0.20017330523661198
0.10395896640196253
-0.02582372600419236
0.05155614343042077
0.09710252227484499
0.029027827012748687
0.018253414812992294
0.07604344388441227
-0.04786229641278479
0.2342314048171975
0.15979001143706328
-0.12573191185647778
-0.09634715131168793
-0.036108392194868895
-0.012110837749957047
0.002091796513357915
-0.017987789858915096
-0.1507089583195491
-0.0028056635774404257
-0.048352042421864645
-0.08263426305745263
-0.043454582331066305
0.1044487124110424
-0.05716747058530162
-0.11691648369304079
-0.07283934287585614
-0.1507089583195491
0.06037157159385774
0.08779734810232816
0.10885642649276088
-0.03659813820394875
0.15587204336442467
0.1509745832736263
0.05204588943950062
-0.027292964031431922
0.14313864712834906
-0.04198534430382674
0.03147655705814775
-0.06990086682137701
-0.04149559829474689
-0.006233885640999202
-0.008192869677318415
-0.12328318181107871
0.10738718846552152
-0.05471874053990235
0.04567919132146292
0.03931249320342502
-0.010151853713637833
-0.013090329768116755
-0.18743990900053636
0.068207507739135
0.0863281100750888
-0.05863670861254098
-0.013090329768116755
0.10591795043828196
-0.12916013392003656
-0.12524216584739792
-0.028762202058671284
-0.04149559829474689
-0.16099362451022545
-0.07577781893033507
0.04714842934870228
0.03637401714894609
0.02070214485839157
0.1798695978093363
0.023640620912870492
0.08436912603876938
0.12207956873791634
-0.024354487976952797
-0.0077031236682387665
-0.06304442269425946
0.24941353109867218
0.09514353823852577
-0.033659662149469624
0.19945943817252945
-0.019457027886154662
-0.0488417884309445
-0.13209860997451547
-0.10859080153868368
-0.029741694076830992
-0.1316088639654358
0.09710252227484499
-0.01064159972271769
0.11473337860171894
0.14558737717374812
-0.012110837749957047
-0.03316991614038977
-0.18205270290065817
0.05449461948489969
-0.021905757931553728
-0.09634715131168793
-0.006723631650079057
0.03931249320342502
0.045189445312383066
0.03392528710354682
0.06673826971189543
-0.07871629498481399
0.2978983859975753
0.009927732658635178
0.13285398093767253
-0.02680321802235207
0.08387938002968953
-0.11446775364764174
-0.11348826162948202
-0.04786229641278479
0.03196630306722761
-0.11593699167488108
-0.06843162879413765
0.22541597665376054
-0.05618797856714191
-0.041005852285667034
-0.2031117812910909
-0.08459324709377204
0.0016020505042780605
0.12158982272883648
0.08436912603876938
0.08877684012048787
-0.0013364255502008617
0.011396970685874742
0.11375388658355923
0.24353657898971431
0.0016020505042780605
-0.015049313804436174
-0.17176803670998184
0.037843255176185454
0.1362822030012315
-0.07185985085769643
-0.0669623907668981
0.0809409039752106
-0.02092626591339402
-0.017008297840755388
-0.01064159972271769
-0.13846530809255336
-0.020436519904314165
-0.03512890017670919
-0.00035693353204115254
0.03000731903090819
0.09661277626576513
0.052535635448580476
-0.041005852285667034
-0.12769089589279697
0.0006225584861183514
-0.033659662149469624
0.03196630306722761
-0.0978163893389275
-0.029251948067751138
0.0025815425224377697
-0.08214451704837276
-0.01749804384983524
-0.049821280449104006
0.13383347295583223
0.12061033071067677
0.03147655705814775
-0.023864741967873148
-0.04149559829474689
-0.23935298596299828
-0.13846530809255336
0.09416404622036606
-0.18743990900053636
-0.07479832691217536
-0.09830613534800735
-0.05324950251266278
-0.0552084865489822
0.027558588985509124
-0.0743085809030955
0.0863281100750888
0.10102049034748362
-0.09536765929352822
-0.20898873340004895
0.03882274719434516
0.1999491841816093
-0.07675731094849478
-0.09389842126628886
0.19113375601817234
-0.07088035883953672
0.09465379222944592
0.10591795043828196
0.1617489954733825
0.04665868333962243
0.04078173123066458
-0.11103953158408275
0.12942575887411376
0.0755536978753324
0.013355954722193955
0.03196630306722761
-0.10859080153868368
0.06282030163925681
-0.01553905981351603
0.08534861805692909
-0.22515035169968334
0.0917153161749668
0.06331004764833666
-0.09047019920272988
-0.026313472013272214
-0.06892137480321751
-0.07528807292125521
0.010417478667715033
-0.019946773895234516
0.03833300118526531
-0.11446775364764174
-0.12132419777475928
-0.0370878842130284
0.07212547581177363
0.12844626685595403
-0.0077031236682387665
-0.03561864618578904
-0.12818064190187684
-0.08900096117549053
-0.06451366072149903
0.10689744245644167
-0.026313472013272214
0.08828709411140802
0.03147655705814775
0.07212547581177363
0.09563328424760542
0.034415033112626676
-0.06549315273965874
0.16517721753694148
-0.02092626591339402
-0.13454734001991475
0.06575877769373593
-0.17078854469182214
0.019232906831152006
0.0074790026132361105
-0.1521781963467887
-0.02092626591339402
0.03588427113986624
-0.07724705695757463
-0.12524216584739792
-0.0978163893389275
0.047638175357782135
0.012866208713114101
-0.09291892924812915
-0.1369960700653138
0.15293356730994573
0.11522312461079878
0.05596385751213925
-0.08949070718457038
0.15979001143706328
-0.07137010484861658
-0.10761130952052397
0.10493845842012225
-0.01455956779535632
0.020212398849311714
0.009927732658635178
-0.08459324709377204
-0.0077031236682387665
-0.0806752790211334
0.035394525130786385
0.11228464855631966
-0.08116502503021326
0.15195407529178603
0.08583836406600895
0.17497213771853798
-0.00868261568639827
0.12403855277423576
0.006009764585996546
0.005030272567836837
-0.14581149822875078
-0.04443407434922601
0.05057665141226106
0.2832060057251805
0.1343232189649121
-0.005254393622839493
-0.14189353015611214
-0.17960397285525911
0.032945795085387315
0.07996141195705089
0.010417478667715033
-0.06647264475781824
0.20925435835412615
0.06624852370281578
-0.03512890017670919
-0.04541356636738552
0.059881825584777885
0.04469969930330321
0.04420995329422336
0.0809409039752106
-0.10369334144788533
0.024130366921950346
0.07702293590257198
0.034415033112626676
0.017273922794832586
-0.09047019920272988
-0.016028805822595884
-0.08410350108469218
0.08045115796613075
0.001112304495198206
0.08975633213864757
-0.22515035169968334
-0.08116502503021326
-0.09389842126628886
-0.00966210770455798
0.19015426400001284
0.052535635448580476
0.11816160066527771
0.1034692203928829
0.03490477912170653
0.00845849463139582
0.03588427113986624
-0.01553905981351603
-0.07039061283045688
0.041761223248824086
0.059881825584777885
0.14558737717374812
0.01482519274943352
-0.006233885640999202
-0.043454582331066305
0.05596385751213925
-0.06255467668517961
0.005520018576916692
-0.004274901604679784
-0.022885249949713436
-0.14042429212887259
-0.14434226020151122
0.180849089827496
0.030497065039988044
0.057433095539378816
0.12452829878331541
-0.10271384942972583
-0.021416011922473874
0.018253414812992294
-0.05912645462162083
0.12012058470159713
0.006499510595076401
-0.11691648369304079
0.06331004764833666
0.04323046127606365
0.02070214485839157
0.13971042506479028
0.09122557016588714
-0.12769089589279697
0.08143064998429046
-0.07773680296665449
-0.06892137480321751
-0.06745213677597794
-0.08459324709377204
0.06918699975729471
-0.0072133776591589115
0.15195407529178603
-0.01064159972271769
0.09514353823852577
-0.016028805822595884
-0.013580075777196611
-0.02484423398603265
0.16860543960050026
0.0025815425224377697
0.16321823350062206
0.14950534524638676
0.2978983859975753
0.14411813914650876
0.0074790026132361105
-0.08410350108469218
-0.1296498799291164
-0.04688280439462508
-0.06941112081229736
-0.1262216578655576
-0.1051625794751249
0.20729537431780673
0.037843255176185454
-0.01749804384983524
-0.09536765929352822
0.14607712318282798
0.13187448891951303
-0.018967281877074808
0.03392528710354682
0.17007467762773962
-0.05324950251266278
0.062330555630177156
-0.11838572172028036
0.09857176030208455
-0.06598289874873839
-0.010151853713637833
0.030497065039988044
0.0045405265587571885
0.042740715266983795
0.03686376315802595
-0.019457027886154662
-0.00966210770455798
0.1044487124110424
-0.19086813106409514
-0.05031102645818386
0.08192039599337031
-0.04198534430382674
-0.028762202058671284
0.0045405265587571885
0.31993695640616776
-0.16980905267366242
-0.010151853713637833
0.03980223921250487
-0.14532175221967092
-0.08312400906653247
0.14999509125546662
-0.1051625794751249
0.05596385751213925
-0.024354487976952797
-0.025333979995112506
0.06135106361201745
-0.1115292775931626
0.011886716694954596
0.03490477912170653
-0.01455956779535632
-0.0806752790211334
0.18133883583657587
0.12061033071067677
-0.09683689732076779
0.04665868333962243
0.005030272567836837
0.0745742058571729
0.03980223921250487
0.10395896640196253
0.14020017107387014
0.03000731903090819
0.0437202072851435
-0.005254393622839493
0.0735947138390132
0.1715439156549792
0.030497065039988044
0.03882274719434516
-0.04051610627658738
-0.15168845033770884
0.026579096967349412
-0.021905757931553728
0.05841258755753832
-0.09634715131168793
-0.011621091740877398
0.016294430776673082
0.08730760209324831
-0.0488417884309445
-0.11446775364764174
0.028538081003668832
-0.05227001049450328
0.12012058470159713
-0.09977537337524671
0.023150874903790638
0.029027827012748687
-0.12181394378383914
-0.04198534430382674
0.03980223921250487
0.05155614343042077
0.18231832785473537
0.1108154105290803
0.2033774062451681
0.026579096967349412
0.012376462704034452
-0.011621091740877398
-0.07871629498481399
-0.08851121516641067
-0.056677724576221764
-0.015049313804436174
-0.07920604099389385
0.09857176030208455
-0.01455956779535632
-0.06549315273965874
0.10493845842012225
-0.12230368979291899
0.0809409039752106
-0.06892137480321751
0.05057665141226106
0.07604344388441227
-0.03561864618578904
-0.08851121516641067
0.018253414812992294
0.08926658612956773
0.009927732658635178
0.12697702882871467
-0.12720114988371733
0.04665868333962243
-0.02582372600419236
0.10493845842012225
0.11816160066527771
-0.0743085809030955
0.11767185465619785
0.045189445312383066
0.037843255176185454
0.12599753681055498
-0.10320359543880549
-0.013090329768116755
-0.18254244890973803
0.12305906075607605
0.04959715939410155
-0.12230368979291899
0.14999509125546662
-0.0924291832390493
0.14215915511018934
0.13922067905571042
0.08338963402060967
-0.09095994521180974
0.07261522182085349
-0.10859080153868368
0.15734128139166403
0.09318455420220635
-0.07724705695757463
-0.024354487976952797
0.0917153161749668
-0.05324950251266278
-0.014069821786276466
-0.09536765929352822
-0.08508299310285189
-0.11691648369304079
0.047638175357782135
-0.06598289874873839
0.001112304495198206
0.015314938758513374
-0.05716747058530162
0.10591795043828196
-0.13650632405623395
0.10053074433840377
-0.08900096117549053
0.1108154105290803
-0.04198534430382674
-0.004764647613759639
0.016294430776673082
0.016784176785752936
0.13236423492859287
-0.028762202058671284
0.2361903888535167
-0.10565232548420476
-0.15658591042850697
-0.033659662149469624
0.06331004764833666
0.0755536978753324
-0.12328318181107871
-0.06549315273965874
0.20043893019068917
0.08387938002968953
-0.06941112081229736
0.12501804479239526
-0.005744139631919348
-0.02680321802235207
-0.041005852285667034
0.09367430021128621
-0.006233885640999202
-0.0370878842130284
-0.19331686110949442
-0.036108392194868895
-0.025333979995112506
0.03490477912170653
0.03196630306722761
0.08975633213864757
0.0437202072851435
-0.06500340673057887
0.04225096925790394
-0.049821280449104006
0.042740715266983795
0.05204588943950062
0.005030272567836837
-0.19380660711857406
0.0809409039752106
-0.023374995958793294
-0.041005852285667034
-0.10810105552960382
0.21219283440860506
-0.18450143294605745
