-0.005716954051304748
-0.002284394790962338
-0.016014631832331993
-0.009149513311647163
0.0011481644693800822
-0.012582072571989579
0.0011481644693800822
0.014878401510749732
-0.012582072571989579
0.0011481644693800822
0.0011481644693800822
-0.009149513311647163
-0.012582072571989579
-0.002284394790962338
-0.002284394790962338
0.008013282990064902
-0.022879750353016818
-0.005716954051304748
-0.012582072571989579
-0.01944719109267441
-0.01944719109267441
-0.012582072571989579
-0.012582072571989579
-0.002284394790962338
-0.005716954051304748
-0.016014631832331993
0.018310960771092146
-0.005716954051304748
0.011445842250407318
-0.012582072571989579
0.008013282990064902
-0.016014631832331993
-0.002284394790962338
-0.012582072571989579
-0.022879750353016818
-0.005716954051304748
-0.005716954051304748
0.004580723729722487
-0.01944719109267441
-0.009149513311647163
0.004580723729722487
-0.012582072571989579
-0.012582072571989579
-0.016014631832331993
-0.016014631832331993
0.011445842250407318
-0.01944719109267441
-0.009149513311647163
0.0011481644693800822
-0.005716954051304748
-0.01944719109267441
-0.009149513311647163
0.004580723729722487
0.014878401510749732
0.004580723729722487
-0.002284394790962338
-0.009149513311647163
-0.009149513311647163
-0.009149513311647163
-0.005716954051304748
-0.009149513311647163
-0.009149513311647163
-0.009149513311647163
-0.01944719109267441
-0.01944719109267441
-0.005716954051304748
-0.022879750353016818
0.0011481644693800822
0.004580723729722487
-0.005716954051304748
0.021743520031434562
-0.005716954051304748
0.004580723729722487
-0.009149513311647163
-0.016014631832331993
-0.009149513311647163
-0.022879750353016818
-0.012582072571989579
-0.005716954051304748
-0.012582072571989579
-0.002284394790962338
-0.01944719109267441
0.008013282990064902
-0.002284394790962338
-0.016014631832331993
-0.016014631832331993
-0.01944719109267441
-0.012582072571989579
-0.005716954051304748
-0.002284394790962338
-0.026312309613359234
-0.009149513311647163
0.011445842250407318
-0.009149513311647163
0.008013282990064902
-0.012582072571989579
-0.016014631832331993
0.0011481644693800822
-0.002284394790962338
-0.009149513311647163
-0.016014631832331993
-0.005716954051304748
0.008013282990064902
0.008013282990064902
-0.01944719109267441
-0.012582072571989579
-0.012582072571989579
-0.009149513311647163
-0.005716954051304748
-0.012582072571989579
-0.012582072571989579
-0.03317742813404406
0.025176079291776978
-0.016014631832331993
-0.01944719109267441
-0.022879750353016818
-0.005716954051304748
0.008013282990064902
0.008013282990064902
0.0011481644693800822
0.011445842250407318
-0.01944719109267441
-0.016014631832331993
0.0011481644693800822
-0.016014631832331993
0.021743520031434562
-0.005716954051304748
-0.009149513311647163
-0.005716954051304748
-0.009149513311647163
-0.002284394790962338
-0.009149513311647163
-0.005716954051304748
-0.005716954051304748
-0.01944719109267441
-0.002284394790962338
-0.005716954051304748
0.004580723729722487
-0.009149513311647163
-0.009149513311647163
-0.026312309613359234
0.008013282990064902
0.008013282990064902
0.011445842250407318
-0.016014631832331993
-0.005716954051304748
0.004580723729722487
-0.009149513311647163
-0.012582072571989579
0.014878401510749732
0.011445842250407318
-0.005716954051304748
-0.005716954051304748
-0.009149513311647163
-0.002284394790962338
-0.009149513311647163
-0.009149513311647163
-0.005716954051304748
-0.002284394790962338
0.0011481644693800822
-0.016014631832331993
-0.026312309613359234
-0.012582072571989579
-0.016014631832331993
-0.009149513311647163
-0.009149513311647163
-0.022879750353016818
-0.005716954051304748
-0.01944719109267441
-0.012582072571989579
-0.009149513311647163
-0.012582072571989579
-0.005716954051304748
0.004580723729722487
0.004580723729722487
-0.022879750353016818
0.004580723729722487
-0.005716954051304748
-0.012582072571989579
-0.016014631832331993
-0.009149513311647163
0.0011481644693800822
-0.002284394790962338
-0.005716954051304748
-0.012582072571989579
-0.002284394790962338
0.004580723729722487
-0.01944719109267441
-0.002284394790962338
0.004580723729722487
0.004580723729722487
0.0011481644693800822
-0.012582072571989579
-0.002284394790962338
0.011445842250407318
0.0011481644693800822
-0.005716954051304748
-0.012582072571989579
-0.005716954051304748
-0.005716954051304748
0.008013282990064902
0.004580723729722487
0.004580723729722487
-0.002284394790962338
-0.009149513311647163
-0.016014631832331993
0.0011481644693800822
-0.009149513311647163
-0.01944719109267441
0.0011481644693800822
0.008013282990064902
-0.009149513311647163
-0.009149513311647163
-0.002284394790962338
-0.009149513311647163
0.004580723729722487
-0.01944719109267441
-0.026312309613359234
-0.005716954051304748
0.0011481644693800822
-0.012582072571989579
-0.012582072571989579
-0.002284394790962338
-0.01944719109267441
-0.009149513311647163
-0.002284394790962338
-0.005716954051304748
-0.002284394790962338
-0.005716954051304748
-0.012582072571989579
0.018310960771092146
-0.009149513311647163
0.004580723729722487
0.004580723729722487
-0.002284394790962338
0.004580723729722487
-0.002284394790962338
-0.002284394790962338
0.0011481644693800822
-0.005716954051304748
0.0011481644693800822
0.0011481644693800822
-0.005716954051304748
-0.009149513311647163
-0.002284394790962338
-0.02974486887370165
-0.009149513311647163
0.011445842250407318
-0.012582072571989579
0.008013282990064902
0.014878401510749732
-0.009149513311647163
0.004580723729722487
-0.005716954051304748
-0.026312309613359234
0.0011481644693800822
-0.005716954051304748
0.008013282990064902
-0.012582072571989579
-0.002284394790962338
-0.022879750353016818
-0.01944719109267441
-0.005716954051304748
-0.005716954051304748
0.004580723729722487
-0.01944719109267441
-0.01944719109267441
-0.012582072571989579
-0.016014631832331993
-0.016014631832331993
-0.022879750353016818
0.011445842250407318
0.021743520031434562
-0.012582072571989579
-0.005716954051304748
-0.009149513311647163
-0.012582072571989579
-0.012582072571989579
-0.016014631832331993
-0.002284394790962338
-0.002284394790962338
0.004580723729722487
