0.2346368715083799
0.1564245810055866
0.1787709497206704
0.1564245810055866
0.11173184357541899
0.1787709497206704
0.0893854748603352
0.1787709497206704
0.2011173184357542
0.1340782122905028
0.1787709497206704
0.1564245810055866
0.1787709497206704
0.12290502793296089
0.1787709497206704
0.11173184357541899
0.1564245810055866
0.1340782122905028
0.2122905027932961
0.11173184357541899
0.1452513966480447
0.1340782122905028
0.2011173184357542
0.1005586592178771
0.16759776536312848
0.1564245810055866
0.16759776536312848
0.1340782122905028
0.1452513966480447
0.12290502793296089
0.18994413407821228
0.18994413407821228
0.1340782122905028
0.0893854748603352
0.1564245810055866
0.1452513966480447
0.1452513966480447
0.12290502793296089
0.2569832402234637
0.1564245810055866
0.1787709497206704
0.2011173184357542
0.16759776536312848
0.1452513966480447
0.11173184357541899
0.12290502793296089
0.11173184357541899
0.2346368715083799
0.1787709497206704
0.11173184357541899
0.2122905027932961
0.16759776536312848
0.1787709497206704
0.1564245810055866
0.1787709497206704
0.11173184357541899
0.1005586592178771
0.16759776536312848
0.1340782122905028
0.1787709497206704
0.2011173184357542
0.16759776536312848
0.12290502793296089
0.1452513966480447
0.1452513966480447
0.12290502793296089
0.1340782122905028
0.11173184357541899
0.1787709497206704
0.1452513966480447
0.1340782122905028
0.0446927374301676
0.1787709497206704
0.12290502793296089
0.0782122905027933
0.16759776536312848
0.16759776536312848
0.16759776536312848
0.22346368715083798
0.12290502793296089
0.0893854748603352
0.1340782122905028
0.2011173184357542
0.1452513966480447
0.22346368715083798
0.1787709497206704
0.1340782122905028
0.1005586592178771
0.1564245810055866
0.1452513966480447
0.1340782122905028
0.12290502793296089
0.1564245810055866
0.0893854748603352
0.1564245810055866
0.1564245810055866
0.1452513966480447
0.16759776536312848
0.1340782122905028
0.1564245810055866
0.18994413407821228
0.1340782122905028
0.11173184357541899
0.18994413407821228
0.12290502793296089
0.2011173184357542
0.1564245810055866
0.1564245810055866
0.1452513966480447
0.1564245810055866
0.1005586592178771
0.11173184357541899
0.18994413407821228
0.11173184357541899
0.0670391061452514
0.2122905027932961
0.1340782122905028
0.1452513966480447
0.1787709497206704
0.12290502793296089
0.1340782122905028
0.1452513966480447
0.12290502793296089
0.1452513966480447
0.1787709497206704
0.2346368715083799
0.1340782122905028
0.1564245810055866
0.12290502793296089
0.11173184357541899
0.16759776536312848
0.2011173184357542
0.16759776536312848
0.1005586592178771
0.2122905027932961
0.1005586592178771
0.1452513966480447
0.1564245810055866
0.12290502793296089
0.16759776536312848
0.1787709497206704
0.1340782122905028
0.1787709497206704
0.1005586592178771
0.2122905027932961
0.1340782122905028
0.1340782122905028
0.16759776536312848
0.1564245810055866
0.16759776536312848
0.1340782122905028
0.1005586592178771
0.1564245810055866
0.11173184357541899
0.1452513966480447
0.1564245810055866
0.11173184357541899
0.1787709497206704
0.16759776536312848
0.1340782122905028
0.2122905027932961
0.0782122905027933
0.0782122905027933
0.0893854748603352
0.12290502793296089
0.11173184357541899
0.1452513966480447
0.16759776536312848
0.12290502793296089
0.11173184357541899
0.11173184357541899
0.16759776536312848
0.16759776536312848
0.1452513966480447
0.1564245810055866
0.1452513966480447
0.2122905027932961
0.1564245810055866
0.1340782122905028
0.1005586592178771
0.12290502793296089
0.2122905027932961
0.1564245810055866
0.1564245810055866
0.11173184357541899
0.12290502793296089
0.1340782122905028
0.1787709497206704
0.1005586592178771
0.1005586592178771
0.1452513966480447
0.22346368715083798
0.1452513966480447
0.12290502793296089
0.1340782122905028
0.11173184357541899
0.1564245810055866
0.16759776536312848
0.1340782122905028
0.16759776536312848
0.1340782122905028
0.1005586592178771
0.2011173184357542
0.1340782122905028
0.11173184357541899
0.1452513966480447
0.12290502793296089
0.2569832402234637
0.18994413407821228
0.22346368715083798
0.2122905027932961
0.2122905027932961
0.1452513966480447
0.12290502793296089
0.16759776536312848
0.0893854748603352
0.1340782122905028
0.12290502793296089
0.12290502793296089
0.12290502793296089
0.1564245810055866
0.1564245810055866
0.12290502793296089
0.1452513966480447
0.1787709497206704
0.1005586592178771
0.2122905027932961
0.1005586592178771
0.2346368715083799
0.1787709497206704
0.1452513966480447
0.16759776536312848
0.22346368715083798
0.1564245810055866
0.18994413407821228
0.2011173184357542
0.1787709497206704
0.1787709497206704
0.18994413407821228
0.18994413407821228
0.1005586592178771
0.16759776536312848
0.2011173184357542
0.11173184357541899
0.16759776536312848
0.12290502793296089
0.2122905027932961
0.1452513966480447
0.1005586592178771
0.11173184357541899
0.1564245810055866
0.1005586592178771
0.1452513966480447
0.18994413407821228
0.2011173184357542
0.1340782122905028
0.16759776536312848
0.1452513966480447
0.18994413407821228
0.1005586592178771
0.2011173184357542
0.24581005586592178
0.1452513966480447
0.1787709497206704
0.1340782122905028
0.1452513966480447
0.12290502793296089
0.2011173184357542
0.1340782122905028
0.18994413407821228
0.0782122905027933
0.1564245810055866
0.11173184357541899
0.18994413407821228
0.1787709497206704
0.12290502793296089
0.1564245810055866
0.1005586592178771
0.1452513966480447
0.1787709497206704
0.11173184357541899
0.22346368715083798
0.1452513966480447
0.12290502793296089
0.11173184357541899
0.16759776536312848
0.1340782122905028
0.0893854748603352
0.1005586592178771
0.1340782122905028
0.1452513966480447
0.1340782122905028
0.16759776536312848
0.1340782122905028
0.1340782122905028
0.1452513966480447
0.1452513966480447
0.1564245810055866
0.0670391061452514
0.18994413407821228
0.1340782122905028
0.1564245810055866
0.1564245810055866
0.1564245810055866
0.18994413407821228
0.1452513966480447
0.1564245810055866
0.16759776536312848
0.18994413407821228
0.1005586592178771
0.1005586592178771
0.16759776536312848
0.18994413407821228
0.1564245810055866
0.2011173184357542
0.0670391061452514
0.16759776536312848
0.1005586592178771
0.12290502793296089
0.24581005586592178
0.11173184357541899
0.16759776536312848
0.18994413407821228
0.1340782122905028
0.1340782122905028
0.16759776536312848
0.1452513966480447
0.1452513966480447
0.2122905027932961
0.1787709497206704
0.2122905027932961
0.12290502793296089
0.1564245810055866
0.16759776536312848
0.11173184357541899
0.1787709497206704
0.2011173184357542
0.1452513966480447
0.16759776536312848
0.0893854748603352
0.1564245810055866
0.2011173184357542
0.16759776536312848
0.11173184357541899
0.1452513966480447
0.0893854748603352
0.16759776536312848
0.2122905027932961
0.0782122905027933
0.2122905027932961
0.1340782122905028
0.1787709497206704
0.1564245810055866
0.1340782122905028
0.1452513966480447
0.12290502793296089
0.2569832402234637
0.11173184357541899
0.11173184357541899
0.2011173184357542
0.1452513966480447
0.1787709497206704
0.1564245810055866
0.3016759776536313
0.1564245810055866
0.1340782122905028
0.12290502793296089
0.1564245810055866
0.1564245810055866
0.16759776536312848
0.16759776536312848
0.1787709497206704
0.2011173184357542
0.055865921787709494
0.1564245810055866
0.1452513966480447
0.16759776536312848
0.1787709497206704
0.1787709497206704
0.11173184357541899
0.22346368715083798
0.16759776536312848
0.18994413407821228
0.2011173184357542
0.1340782122905028
0.1452513966480447
0.0893854748603352
0.11173184357541899
0.18994413407821228
0.1564245810055866
0.1340782122905028
0.12290502793296089
0.16759776536312848
0.1452513966480447
0.2011173184357542
0.16759776536312848
0.1452513966480447
0.12290502793296089
0.1005586592178771
0.0670391061452514
0.1452513966480447
0.1787709497206704
0.12290502793296089
0.1340782122905028
0.1452513966480447
0.1452513966480447
0.1452513966480447
0.055865921787709494
0.2011173184357542
0.18994413407821228
0.16759776536312848
0.0893854748603352
0.11173184357541899
0.1787709497206704
0.11173184357541899
0.1452513966480447
0.1340782122905028
0.1340782122905028
0.2011173184357542
0.1005586592178771
0.22346368715083798
0.1787709497206704
0.18994413407821228
0.1787709497206704
0.11173184357541899
0.1340782122905028
0.1787709497206704
0.12290502793296089
0.2011173184357542
0.1787709497206704
0.1452513966480447
0.1452513966480447
0.16759776536312848
0.1452513966480447
0.1787709497206704
0.1564245810055866
0.1340782122905028
0.1452513966480447
0.1340782122905028
0.1787709497206704
0.16759776536312848
0.11173184357541899
0.1564245810055866
0.1340782122905028
0.1564245810055866
0.2346368715083799
0.11173184357541899
0.18994413407821228
0.16759776536312848
0.1452513966480447
0.1340782122905028
0.1564245810055866
0.11173184357541899
0.1005586592178771
0.1452513966480447
0.1787709497206704
0.2122905027932961
0.16759776536312848
0.2011173184357542
0.22346368715083798
0.11173184357541899
0.0782122905027933
0.1787709497206704
0.2122905027932961
0.1787709497206704
0.055865921787709494
0.2011173184357542
0.16759776536312848
0.1340782122905028
0.1340782122905028
0.1452513966480447
0.1452513966480447
0.18994413407821228
0.1564245810055866
0.1787709497206704
0.2011173184357542
0.12290502793296089
0.11173184357541899
0.1340782122905028
0.1340782122905028
0.1340782122905028
0.1787709497206704
0.1340782122905028
0.16759776536312848
0.1564245810055866
0.12290502793296089
0.1564245810055866
0.16759776536312848
0.1340782122905028
0.1452513966480447
0.16759776536312848
0.16759776536312848
0.18994413407821228
0.1340782122905028
0.16759776536312848
0.1005586592178771
0.1564245810055866
0.1452513966480447
0.1452513966480447
0.22346368715083798
0.12290502793296089
0.2011173184357542
0.16759776536312848
0.1340782122905028
0.1787709497206704
0.1340782122905028
0.1564245810055866
0.0782122905027933
