-0.0028549689111782785
-0.07914552155061232
-0.04863739775012847
0.053517719993794434
0.10541264061201752
0.05371664790421701
-0.08709811432687208
-0.0203441497868706
-0.06102538063319729
0.1887097270330212
0.008343794280644547
-0.09636985413411468
-0.053708700302456995
-0.18595534740927755
0.2352271228200254
0.06415197241349578
0.13517925752487692
0.16042112525925895
-0.01140156248537572
0.10300791710405362
0.12562376651515658
-0.10751495489263478
-0.011484150082825715
0.010733461503310053
-0.015602497752737636
0.08255522132384278
0.06791361659198525
0.01976457110731956
-0.05541644017952722
0.013403535652301206
0.00857885834386331
-0.008724177876484083
0.029657701872041677
0.11972862522742155
-0.1440342367695476
0.0892532280039396
-0.07984562099996466
-0.027772363245796194
0.2528723806879623
0.09115606323419088
-0.0958818528192629
0.17772237816765232
-0.024735379718832065
-0.05224254294183263
-0.0687583971773884
0.1377114752668585
0.060025971218246287
0.2701834068201015
0.05888603418302371
-0.11074323336259463
-0.07556427898548483
0.14647120825298
0.044883449596462566
0.02669297628159506
-0.001964591535360632
-0.08922781447499747
-0.16028679083315167
0.19161922613427837
-0.04228142652191101
0.03179485031970537
-0.08656261577038672
0.0019590698329526677
0.007438468859201522
0.05034213268038611
-0.11830392582447855
0.20940335318304648
0.1762710941332042
0.08118244286716568
0.03767538421914071
0.019042359214336408
0.031694666024667244
-0.09682924842940213
0.13340288758458033
0.034911652433119465
-0.16001533586057368
-0.1969218008961225
0.11123197103278724
-0.04850602612468827
-0.0910151661404467
0.1114833856171811
-0.14829433945278284
0.0005004682949727305
0.00601849923641816
0.11369805256699986
-0.023023716184435713
0.026450483559046778
-0.07667135895098398
-0.003537343445168908
-0.02577416850514658
0.09040571583529478
-0.04600240592945113
0.06513324895065913
0.06241220368773099
-0.00978150651917043
-0.06379460494472185
-0.05100003491768815
-0.031847941645019306
0.06545960153875398
0.1362453382386533
0.16128046067074542
-0.016819799720267512
-0.01699190234570389
-0.07459256757197369
0.11674589778994619
-0.19422184641289872
0.02124088754265419
-0.08733715600189461
0.03104062467686837
-0.15500119168091303
0.10627098669285331
0.050572042351948975
-0.011765787516551785
-0.05246260186566478
0.09588487254818542
0.015380235835826733
0.014167044532823511
0.04314005518036927
-0.034524711205740466
0.2534683494066816
-0.14437584361515218
0.003185978153882927
-0.08631090103748543
0.05437169754942294
-0.13968986894146715
0.01669119833878613
-0.13509554217692182
0.042841159502621844
0.13224490278096054
0.04693095920549409
0.11713769456759571
0.031005331730118355
0.030353073549225458
0.015033547637408707
0.12478261678423926
-0.042017387795938055
-0.08082418738320574
-0.033682169854238816
-0.05315537323600325
-0.05261045352009027
-0.08554525028403206
-0.16094820442071572
0.08640103186541573
0.025390328157856003
0.030120604328155286
0.03236496574763008
0.07699611026746626
0.18830780515099657
0.0733812172158344
0.045904199300062364
-0.05700553604218849
-0.07214022648545632
0.0009249742678917653
0.0021940230476751622
-0.1299995217086006
-0.03796204345029752
-0.0640084199385744
0.12558971333256227
0.2117589208800339
-0.015330258502467806
-0.07623897116541685
-0.015156541295336029
0.02179354336742787
0.05095602520767352
0.16670525179847814
0.0313997014922885
-0.05096462085651842
0.0009761957132485482
0.06159809105195316
-0.007635907217524008
0.06147882281918867
0.1807738277916187
0.023183659895320632
-0.12649216597509494
0.09221680008972509
0.10080847732148082
0.004889684154943596
-0.045881143931424305
0.016475068582571386
0.131074370445374
-0.10335382976654887
-0.0013420878729823252
0.011025671699235151
0.10289003811382713
0.0769287687619766
-0.18529708182744242
-0.008443907236368849
-0.05763814522958783
-0.2033010774008006
-0.07637921723346776
-0.0036645256077483344
0.0878658847826382
0.09397735026326502
0.058282758494534535
0.13148776934700387
-0.04133645696963749
0.011375930721519312
0.0037080125571979255
0.05583546808258895
-0.002121134005014822
-0.1067092718632793
-0.11015805790254092
-0.002140935637924997
-0.11716756687851673
0.10441832152783767
-0.013716714863998525
-0.0749132313537391
0.028285182136523337
0.04760073802814053
-0.02979686544571317
0.0095327159909075
-0.09158009657597188
-0.13220585370365753
-0.00573279330235763
-0.08536528058575095
-0.03430203541006914
-0.012075631556481467
0.08278504467773685
-0.07672601966214934
0.002783824331659944
-0.12671190336975688
-0.022986393068436157
0.021565270211810254
-0.08333774434627676
0.07655542437523663
-0.10108531322874245
-0.08108756436597554
-0.054368001657943886
-0.041763942831677184
-0.08682950065912433
0.1337385688552564
-0.0332045945905806
-0.1788911435926791
0.09620083355494624
0.16095874273169125
-0.09177498049828624
0.05441396506638994
0.040021473282155974
-0.1903752719829169
-0.022565988346267652
-0.0034785248429005143
-0.07559554499946256
0.03506411097080182
0.00425711251492387
-0.0576982601443243
-0.13807244974533073
-0.04876091785903645
0.17950088459115285
0.010440682773737749
-0.11880449186493232
0.0017337811255427637
-0.13355451930160925
-0.14778344123053638
-0.01712855539926375
-0.0957280386940618
-0.13386289445541139
0.024307405212760952
0.09219208169817779
-0.07208790390413565
0.022644944658449455
0.018751498661881836
0.18369945466632717
0.10703471604827437
-0.1605106608461431
-0.1573981379616436
0.01741093572802165
0.22727446077482946
-0.029731524229863478
0.09114838408894367
0.07359827762782374
-0.04020932287769231
-0.006548141288494719
0.03082985943634866
0.10672108191459825
-0.03588495441902045
-0.15841186188813933
0.09088188102906887
-0.007022707713697948
0.02245344043423903
-0.032054832684037846
0.019988645784570252
-0.04043188536943424
-0.006049894759835854
0.07077903097908632
-0.12779650120518837
-0.07704875567493841
0.19874602359681612
-0.15284305847130067
0.22269386432675306
-0.020046607833327363
-0.09534174075446115
0.08791464894568196
0.08285115714731786
0.05831204548477792
-0.019221953498868204
-0.11361652519088725
0.03019366099056107
-0.117228657956506
0.03191821343518305
-0.08042551082884665
0.022908374821914903
0.04155277478906013
-0.23050043832946582
-0.011017747146425156
0.04840401449955613
-0.018480565480233118
-0.10749434291927405
-0.00934478890763215
-0.12091758273011853
-0.021632064878431743
-0.21818950937064524
-0.0816377761241405
0.19430486098923172
0.12959881341718857
-0.02829045522627982
-0.18562591582286608
-0.0023953572267512552
-0.04923577860941063
-0.010413748912942285
0.15492578886612093
-0.0716406768010875
0.08246527538643059
-0.09522356041551876
-0.12985627653330598
0.07995548428461141
0.025349675123670874
-0.06861685564610154
-0.15582816959072118
-0.07513598479573132
0.0256271703193307
0.12498996660037096
-0.017550457213615187
0.1514146035697198
-0.07653351986201425
-0.153071101372459
-0.016239951784838853
0.1092276328993882
-0.0645110089508186
0.058578724813122866
0.054568837597749276
-0.1415617621523583
-0.17080716789606062
0.020072881778138877
0.0016752998826151905
0.003372181094514487
0.0233206254643783
-0.11494148533597719
0.029954691668389846
0.09494977571700672
-0.05436800165794254
-0.03036524192008581
-0.026138906516672177
-0.0010594178123908078
0.11285391397307798
-0.1054378314763569
0.006710152945926664
-0.10162391610653208
-0.03546259533896932
0.15034316057704294
-0.06270774559324434
0.11073471660666573
0.1042339787533061
0.09484783454833533
-0.00174530516469179
-0.13035696171720326
-0.015685325599704973
-0.029978020197832734
0.1408895136546814
-0.062198983938922654
0.027058970132828843
0.13160912007972697
-0.05562827659353929
-0.10393370291001675
-0.018199188494672308
-0.11293043432055139
-0.07539075683184783
-0.019825910170657202
0.008407363486422768
-0.030385328774273537
0.03664911139731148
0.046401731582206535
0.07047009093479703
0.08688438097496773
0.03339347751091748
0.03149710609482625
-0.06962791585239105
-0.08139057859532951
-0.04774489433177453
0.05303007046996719
-0.11244109672946322
0.11394751358665627
-0.11674451303992817
0.07753737103420416
-0.042708039958946314
0.1335045446892855
0.13846990281855878
-0.21066713704165638
-0.04929671667166186
0.01970410560816644
0.0733926468445322
0.17358060800307187
0.0896552385511018
-0.01040967840293553
0.06526240620647625
0.08797824831311286
0.06536683823391985
-0.12777632980333187
-0.03406126680770681
-0.019064070582130638
0.024862888387403477
-0.02977454594240257
0.035622809540520946
-0.05671185449746817
0.02243785524322026
-0.1507380443620647
0.0011983755413229337
-0.09798310759542181
-0.08148935289210195
0.05228373600920814
0.04458132776447826
-0.042056770215829875
-0.004689255541930845
-0.04416467653992561
-0.03955358020472104
0.11683962579955927
-0.0476333154024998
-0.10400234708953954
0.06470286942920749
-0.06379460494472185
-0.01971197496757363
0.04582676534544732
-0.12462070372006194
-0.054785509591162775
0.00387749543420388
-0.028330633845128406
-0.015362975956725214
-0.031090200584613932
0.12063735799568834
0.003361555487464989
0.07785251557482288
0.005583839479781851
-0.1255923750498815
-0.09080037738565343
0.0600494153694065
-0.1321598999637653
-0.010986208874734863
0.16658313462794166
-0.05315849854816817
-0.048282740355863434
-0.1537380084548998
0.11036913743775065
-0.014987171598081984
-0.09392197185879016
-0.10178525162866739
0.09921854677840132
0.034573978005312644
0.006489455350920394
0.006906636710452755
0.04921461750931691
-0.11007234783397978
-0.03170532247270514
-0.05320434485873161
0.07796774748148463
0.04047401249477945
0.062831484203558
0.16914609597349106
0.08566334445580268
0.0009850875289649148
0.023974472072042154
0.023545415986720008
0.0009675404147210612
-0.1218747367362821
0.05286703987802769
-0.011177727729256383
0.07979092742813068
-0.12348455565021174
0.03274144365426335
-0.15962836461504498
0.1133169271815858
-0.09317682125535942
-0.01216780118172133
0.03732148044682504
0.16166780588259355
-0.015264562123723352
-0.04386029540787168
0.0348385200255908
0.03725326408864326
-0.04952556440792425
0.1419881706501352
-0.07344400885193117
0.16045006338282597
0.03153146130561645
-0.011448933879694529
0.010511178748139617
-0.008142119278044816
0.03663310537736246
0.09887354601416783
-0.08038314236354561
-0.0094411929208126
-0.0952156365885283
0.03448345573926273
0.05043509427961005
-0.010660188135300126
0.07464557229631857
0.2125150716927856
-0.04510568611172106
0.0633996435777957
-0.004806554161133593
-0.13040252709031644
-0.20070100562118753
0.0804905786165159
0.005758998317946093
-0.04269107099152182
0.20022440079816634
-0.13704480052086623
-0.02506756425632869
-0.13374348237893613
0.04434524122459879
0.02118543718028556
-0.03485736491866838
-0.04726271261141412
0.14198023959106282
0.08216723214557294
0.01612880939017774
-0.03418254716187689
-0.00802558566592366
-0.06119276175995975
0.1419865898419852
0.054999331242896805
-0.0043993886810400895
0.02618545008687866
-0.03450243159873699
0.12675912703890552
-0.24297910001654288
0.003116305057066171
0.026767377910916896
-0.01866270524663459
-0.01897618861678833
0.1780051899240724
-0.2145039180124807
0.017253404192661657
0.004146551605655149
0.08768620110656951
0.04000330668494751
-0.06830323630792297
-0.081736823758308
-0.06820142365010073
0.049482082762118705
-0.0922890913362482
-0.07921231949108348
0.09885047177231934
0.017457471823503157
0.10357048581870014
-0.061385359188417345
-0.008470597749314607
-0.1620678247248943
0.016473527750991514
0.04837474070106716
0.12788283173311488
0.010284313802396621
0.03679457095946589
-0.06890640141251148
-0.12924322495050863
-0.10444906274478707
0.017507584600225425
-0.1366319513897254
-0.10777757416646794
-0.1334472925022609
0.17332586919580353
0.010741424551055813
-0.03687269918164605
-0.05894263372848358
-0.023179745966947773
-0.1914841132851038
0.14632452027665296
0.06811270544078232
0.03648685417275264
-0.03724502117200672
-0.04769444046585631
0.035379454732613315
0.05669723053824391
0.11672384969001473
0.07149749426894521
-0.11180204131113163
-0.11174264211200405
-0.07318584219361632
-0.02888709452855658
0.031405592160784986
0.020116100829302305
-0.02149031232818541
0.08381451033297378
-0.11083492273912672
0.1082764071835446
-0.08297780528933178
-0.06482144400237945
-0.22268792910061924
0.00948060320683448
0.06358268714192883
-0.049236668839203246
0.034304583233761114
0.07092293193477575
0.05375707292677332
0.05167100283697842
-0.15477571877459495
0.0237186830440327
-0.10997088666134408
0.06368794503095349
-0.07122330395856798
-0.04844702097510643
0.03311274528730405
-0.17861210605617608
0.12472912474353366
0.04773816796074401
-0.06166446448076626
0.03461271543123896
0.00679344318760129
0.2208453359356125
0.07335158051095761
-0.03380976286740605
-0.12558687511002548
0.002558477052317321
0.14983049875868354
-0.006523831932122769
-0.027332647594504572
-0.10711152419065592
0.04522531488968886
-0.11970776524379992
0.19086241746045582
-0.05367918939296976
-0.01649004251888268
-0.024413189742646425
-0.06372866198296763
-0.02153683979226935
0.017952885646437662
0.22265777481827856
0.12859907590172998
0.048129065319705164
-0.17769614370513098
0.003742801090189488
0.0014013195554461418
0.03233090341654644
0.03895935539349336
0.013477412488495918
0.017102948896117038
0.1437440686530459
0.03792667211757283
-0.04843035772249476
-0.1477748378508356
-0.06558965348199768
0.06490782120449153
-0.12493257883834784
-0.06958436042510605
-0.09189973642770499
0.024129943311916847
0.07350576371787354
0.022322521204046746
-0.12504254120550456
-0.018721479182130598
-0.0451511546123641
0.00503962107178638
-0.12374873941942376
0.22048979323138918
0.0018915160103239977
-0.008339613820962218
0.07282421921663025
-0.06651808428834204
-0.10786117760082597
-0.18635045374525544
0.05055174507326391
0.024926108926584662
-0.027880320266821707
0.02306271217846445
-0.03869524084107654
0.017098584913825647
0.013508228581914444
-0.007146348107055802
-0.0013158549640213588
0.29105527178406526
-0.06062177478941481
-0.1582883566435595
-0.010358402370265576
-0.0202641859694732
-0.012715797246328256
-0.08158908088364973
0.020353656403623042
-0.05342359248657757
0.04992250015763646
-0.09413302766395995
0.030359168431780673
0.033059343538402314
0.049654806512471096
-0.10130627368906575
-0.10819293731345142
-0.07216440895882086
-0.1176475946614759
-0.029351301545186045
-0.13491024933199755
-0.01315022323304083
-0.10943524800317506
-0.01342188073863219
0.17947173507373124
0.03553352396225282
-0.14110387066628247
0.08647871986231852
0.01794758212418687
0.01398179191209601
0.12128790676175986
-0.001312000262810821
-0.04113750658379494
0.0028256633439139095
-0.017422170162636787
-0.18337530685867012
-0.10817853212327908
0.14511758150524637
-0.0810657062160566
-0.1786448129351287
-0.06585593411632286
-0.017715693762883136
-0.06922742764544362
-0.044873182739652184
-0.05590016935396516
-0.04272085711488115
0.10946074545920915
0.03749392282004066
-0.10240081795074889
0.046060685659925625
0.04205859198435773
0.14794864782978234
0.23242985048066472
0.03984899802211784
-0.005381104914901464
-0.0021476604503249275
-0.039103039203381554
0.13264334058884342
0.029797850643683035
0.025942519270725693
0.05643721716274162
-0.13895663494802493
-0.05115226871388276
0.0049104272619695235
0.06565826355596693
-0.09512435370999968
0.028193955097726462
-0.04891005691201944
-0.059760886774451835
-0.07119254219285236
0.18234231103563256
0.03469204811087227
0.16785100277288867
0.11248916628887105
0.024317743275192222
0.008431302476839585
-0.042888613167431186
0.00902670962817646
0.10682592603605799
0.05093059707137646
0.028467042839741424
-0.04808666009092059
0.10475688281499221
-0.06010009946374474
-0.04026713738194251
-0.08937350405129502
0.0063937366422150334
0.01520694559425304
0.11263179095502579
0.10079357040475022
-0.011329397606276085
-0.1385762920236245
0.11722541594684044
-0.08162478904719579
0.07322560755576317
-0.08376491796088138
-0.11476028933623976
-0.03077258587243805
-0.09145100768563572
0.044056611332885534
-0.10559091059323723
0.18275610430137018
0.036003350455303014
0.028048952475531668
-0.04552509938374804
-0.02592220455000375
0.07491165263971711
-0.14104545759714407
-0.07813464850162066
-0.09203251228082562
0.12743813547515132
-0.08202671807665063
-0.0012787669943672333
-0.16789034060412023
0.09051515538640958
0.06685621998450922
0.07880169076381859
-0.057249726543585504
-0.08744183790779472
0.07410034442379225
-0.05004843074344152
0.0018162923390364265
-0.040522762663277014
-0.0318550277549941
-0.12282532979972845
0.19048808682702026
0.12262534938844526
0.08872118192859907
0.07060568350588298
-0.14814744797147955
-0.047909051377925206
-0.07590212150860118
0.015937692296973376
0.008407442350525712
0.006085237590380931
0.02731844645951757
-0.011243699985788455
-0.08175562421998174
-0.014972238293273711
-0.10022623656288093
0.03554335935073872
0.1125407701755153
-0.055089278313668145
-0.017047698682108658
-0.023815004150654552
0.040081264257664694
-0.11040492861557398
-0.05731134331373391
0.161111639797142
0.08971417373372917
0.06346125967875042
0.08749181999620012
-0.09108214630320967
-0.06820142365010073
0.05840635214860787
-0.14011706550657352
-0.038351174199365
-0.018721479182131816
0.0772257513325073
0.2505575551009378
0.06883823082018865
0.008870771425253585
-0.15591596493582058
-0.03570805647935411
-0.1017022296670441
0.0432111624804047
0.03187275211406666
-0.06945269123477353
-0.013124866302060395
-0.04630743800523837
-0.07859392106746851
-0.004757489434334915
0.0790129489705276
-0.005010632810826567
0.13290306243466293
-0.04776577763254525
-0.08881469412637731
0.006639862676686164
0.061733286712103916
0.0221806251183766
-0.20585074969539924
-0.05499193073118284
-0.06449218356330771
0.004859765142893926
-0.04523593742051794
0.09776221361541743
-0.1130455124368698
0.05493683303260626
0.014754998418225898
0.3167764343160903
0.026235569596767542
0.1348365532223543
-0.013739245728935248
0.09091577921264204
0.04229276428857448
0.0254204124065138
-0.1370476316987595
-0.14784549676221165
0.08646909897012411
0.0978132465417995
0.03250723205738106
-0.010737649805053985
-0.06815696996112283
0.11049174212978816
0.033312639077870326
0.07482513203004115
-0.020930139417387503
0.012405938144189206
0.09069188926715872
0.06381298040528556
-0.00556489809072757
-0.00428611697758372
-0.030925943121328726
0.08188881151906484
0.0844612981435091
0.11780954358909115
0.10916767209939064
-0.10790802616568478
0.09577691534514111
0.0554437142825256
-0.032099291542212194
-0.01879730060368866
0.004813015707678537
-0.013485006654246167
0.13808184795129977
-0.02098216899519087
-0.07319223581813915
-0.08198923878157177
-0.062455286032460096
-0.027382527348764393
-0.0586429166026091
0.16548513575515028
-0.10066767586104841
0.10627920671461519
-0.05587817930051845
-0.09704716204272489
0.05149983774642736
0.09491321937387356
-0.00931931265808647
-0.09968318617659773
0.009816417221481358
0.11377917030244154
0.058470481937090056
-0.03704218057632067
0.10112370398495997
-0.04315694637035684
-0.060217515662471945
-0.09389307248285345
-0.03027062464457502
-0.14066696504175086
-0.12758156889337058
-0.06593534464005008
-0.08863856219354482
0.32456930498762515
-0.06190958897935866
-0.02096607114250367
0.057732617431341546
0.02341912028579489
0.10270648740601328
0.06490261101949736
-0.05881676467722885
0.10432981218132475
-0.05781658922189946
0.09697034469488547
0.03714170203331851
-0.08443702749859469
0.06471852263774551
0.1427589002643822
0.15348886471948991
-0.08123346880620855
-0.19042398659913265
0.022366989558694667
-0.03681653520753383
-0.051467963574336695
0.03921255870625091
-0.12501304464978139
-0.04583744795154626
0.13118816687723026
0.10575647668251702
-0.05549339241894793
0.011013932573705903
-0.1107924818275703
-0.10039230445806112
-0.03943201290069658
-0.11928467204001941
0.2256401374546236
0.11123197103278709
-0.09576322397726109
-0.015731140406078193
-0.04683933395869662
-0.05737290552415534
0.09904423007124591
0.024534324546404765
-0.038572500983784945
0.0012214357177173058
-0.10525384051986537
-0.07173590000824384
-0.04428901086397664
0.07688232130367205
-0.12703848890631478
-0.022113017334324865
0.00649552854598891
-0.09146771916118256
0.05791042489193485
-0.014213336180471773
-0.16889072512828113
0.10734121448528881
0.08760269912130149
0.1835286603918172
0.16095505735448018
0.127299577743055
0.25169869182601834
-0.013139792698173603
-0.10191900403882924
-0.0674481715312113
-0.10073341156696033
-0.09305129507499643
0.05574298448179468
-0.2020480194409224
0.002446979515835339
0.06028380262661539
0.09399855134643581
0.11533289366371142
0.02408049402715588
-0.015165029729549199
-0.030160614711870468
0.15195147719842697
0.028499002994845306
-0.08691792239987953
0.11078205025446321
0.024108728184842807
-0.06584167588752984
-0.04711936855051513
-0.021800828470264395
-0.03826516975268281
0.056732370584071413
0.011417619155522583
0.024159577535735263
0.13303502569046452
-0.09303814775564283
0.11658654862738929
-0.11484402293816065
0.03551825521054016
0.07183323928570336
-0.14224839382659915
-0.05738729199617886
-0.0034225460181218923
-0.06541522138895609
0.008984553360820779
-0.026520426727286942
-0.04129293981924464
0.13712786947619185
-0.00198704555930863
-0.05215996750333703
-0.04518105376379285
-0.02818088269510505
-0.07479015927475913
-0.03623681764301808
0.06555926541644973
-0.12688361607536786
-0.03197855847628556
-0.07719035787839024
-0.015685325599704973
0.1192889014845373
0.3925849769491931
-0.027061340091062036
-0.05670712083476751
0.11204951627160026
0.0264595767405011
0.05433174131215333
-0.12368768077723558
0.0009033689583523592
-0.04048175122370625
0.0941886398667684
-0.1491608521509757
0.01395000688370184
0.07822150830140202
0.09608207385284186
-0.06732260690429473
0.08617532113088083
-0.19936249977379397
0.0024075827797338544
-0.06506182324898639
-0.008343593354644869
0.019067133251934577
-0.1683536864614055
0.03189599068400525
0.0017037882187536067
0.09650652644977012
-0.03922097886378795
-0.03643528096660938
-0.01740718915883197
-0.15477571877459637
-0.05510355927770573
-0.09170927703900046
0.06399104804606595
-0.008960693013254263
0.10386111452078603
-0.15032443240586688
0.1012724862035059
-0.06451100895081985
-0.08958099827618751
0.03993488940081295
-0.0649425040141393
-0.01343494416319336
0.08905652402197015
-0.07220949641620085
0.16619215339230042
0.08294376625153396
-0.0310916122737086
0.020516899943015924
0.08905652402197015
-0.023471450951497067
0.05339660915402312
-0.05239413223046298
0.02669417618027808
0.18409851164640922
-0.11004607439450749
-0.022364731486312937
-0.09539833124422052
0.032665036523057904
-0.03721286150856252
0.14170781765369986
-0.08752204131070777
0.10882368915371816
-0.030138661005967158
-0.0749559450363163
-0.2063677737807665
0.05713001243735755
-0.06869182842173896
-0.08566495019702522
0.052997783922602695
0.0008583180605192854
-0.09976826945792079
-0.012205528140174816
-0.0738409618169226
0.10892749191127467
0.05907529180326831
0.06729524440197525
0.043974526916373845
-0.3152270973812472
-0.05394905389777285
0.002831965509766622
0.10993716564365619
0.2794817814744791
-0.1142148984500943
-0.0022260771347321767
0.09599485534158435
0.018765297562277575
-0.03829383602835409
0.019866905136230108
-0.008109417445987198
0.15879092394839484
0.2953533266434814
0.01804652548920677
-0.010113878332690443
0.018312632338543855
0.10118729300115267
0.03752167482164754
0.021599857388285564
-0.14324291010788903
-0.07298197818161316
0.03227923120408431
-0.016417843689620657
-0.05001027541735266
-0.02216390102631304
-0.09754521963097969
-0.05898799610505503
0.01651949648969197
0.20742614394563846
-0.056024640992444384
-0.11862696503870855
