1 0.0000
1 0.0005
1 0.0000
1 0.1224
1 0.0000
1 0.0000
1 0.0252
1 0.0072
1 0.0000
1 0.0000
1 0.0112
1 0.0000
1 0.0000
1 0.0000
1 0.0000
2 0.0100
2 0.0016
2 0.0234
2 0.0364
2 0.0000
2 0.0874
2 0.0145
2 0.0035
2 0.0067
2 0.0396
2 0.0033
2 0.0000
2 0.0017
2 0.0000
3 0.0035
3 0.0018
3 0.0046
3 0.0000
3 0.0032
3 0.0025
3 0.0009
3 0.0015
3 0.0215
3 0.0002
3 0.0002
3 0.0002
3 0.0000
4 0.2230
4 0.0309
4 0.0000
4 0.0039
4 0.0470
4 0.0000
4 0.0000
4 0.0590
4 0.0000
4 0.0000
4 0.0857
4 0.0104
5 0.0423
5 0.0000
5 0.0105
5 0.0335
5 0.0000
5 0.0065
5 0.0604
5 0.0000
5 0.0000
5 0.0515
5 0.0000
6 0.0080
6 0.1261
6 0.1732
6 0.0547
6 0.0041
6 0.0836
6 0.2577
6 0.0146
6 0.0853
6 0.1099
7 0.0000
7 0.0144
7 0.0000
7 0.0090
7 0.0074
7 0.0088
7 0.0128
7 0.0000
7 0.0000
8 0.0038
8 0.0302
8 0.0129
8 0.0450
8 0.0972
8 0.0000
8 0.0000
8 0.0000
9 0.1099
9 0.0000
9 0.1192
9 0.0000
9 0.0000
9 0.1919
9 0.2625
10 0.0000
10 0.0498
10 0.0000
10 0.0000
10 0.0000
10 0.0000
11 0.0077
11 0.0000
11 0.0147
11 0.0000
11 0.0000
12 0.0038
12 0.0000
12 0.0122
12 0.0000
13 0.0143
13 0.0000
13 0.0000
14 0.0000
14 0.0000
15 0.3409
