1 0.0617
1 0.0503
1 0.0733
1 0.1624
1 0.0682
1 0.0000
1 0.0722
1 0.0412
1 0.0889
1 0.0597
1 0.1145
1 0.0656
1 0.0896
1 0.0000
1 0.0000
2 0.1069
2 0.0965
2 0.1563
2 0.2022
2 0.0496
2 0.1761
2 0.0582
2 0.0455
2 0.0748
2 0.1012
2 0.1119
2 0.0000
2 0.0223
2 0.0000
3 0.1429
3 0.1767
3 0.1256
3 0.1204
3 0.0560
3 0.1166
3 0.1035
3 0.0506
3 0.2079
3 0.0210
3 0.0208
3 0.0287
3 0.0169
4 0.3392
4 0.1754
4 0.0178
4 0.0288
4 0.2403
4 0.0872
4 0.0412
4 0.2250
4 0.0000
4 0.0000
4 0.2174
4 0.1522
5 0.1672
5 0.0000
5 0.0508
5 0.1762
5 0.0169
5 0.1158
5 0.2140
5 0.0546
5 0.0268
5 0.1540
5 0.0320
6 0.1155
6 0.2117
6 0.3144
6 0.1586
6 0.1117
6 0.2036
6 0.2767
6 0.1316
6 0.1478
6 0.2065
7 0.0216
7 0.0641
7 0.0000
7 0.0000
7 0.1017
7 0.1016
7 0.1600
7 0.0000
7 0.0000
8 0.0284
8 0.1538
8 0.0655
8 0.1208
8 0.1834
8 0.0000
8 0.0323
8 0.0000
9 0.1875
9 0.0404
9 0.2735
9 0.0000
9 0.0571
9 0.2756
9 0.2946
10 0.0000
10 0.2206
10 0.0000
10 0.0000
10 0.1500
10 0.0000
11 0.0551
11 0.0513
11 0.1053
11 0.0000
11 0.0000
12 0.0278
12 0.0336
12 0.1510
12 0.0000
13 0.0000
13 0.0000
13 0.0000
14 0.0000
14 0.0000
15 0.2837
