1 0.0383
1 0.0394
1 0.0563
1 0.2173
1 0.0550
1 0.0000
1 0.1053
1 0.0896
1 0.0541
1 0.0400
1 0.1101
1 0.0417
1 0.0769
1 0.0000
1 0.0000
2 0.1152
2 0.0748
2 0.1380
2 0.1666
2 0.0423
2 0.2016
2 0.0780
2 0.0444
2 0.0708
2 0.1436
2 0.0882
2 0.0111
2 0.0443
2 0.0000
3 0.1126
3 0.0841
3 0.0903
3 0.0312
3 0.0516
3 0.0750
3 0.0561
3 0.0552
3 0.1954
3 0.0163
3 0.0162
3 0.0320
3 0.0165
4 0.4667
4 0.1561
4 0.0274
4 0.0234
4 0.2340
4 0.0625
4 0.0260
4 0.2240
4 0.0000
4 0.0000
4 0.2368
4 0.1356
5 0.2093
5 0.0211
5 0.0477
5 0.1897
5 0.0233
5 0.1010
5 0.2109
5 0.0757
5 0.0233
5 0.1837
5 0.0494
6 0.1261
6 0.2692
6 0.3772
6 0.1373
6 0.0870
6 0.2267
6 0.4029
6 0.0980
6 0.1754
6 0.2062
7 0.0235
7 0.0702
7 0.0000
7 0.0769
7 0.1042
7 0.0952
7 0.1538
7 0.0000
7 0.0000
8 0.0339
8 0.1136
8 0.0792
8 0.1208
8 0.2165
8 0.0227
8 0.0400
8 0.0000
9 0.2000
9 0.0274
9 0.2912
9 0.0563
9 0.0333
9 0.3333
9 0.3636
10 0.0000
10 0.1538
10 0.0000
10 0.0000
10 0.0952
10 0.0000
11 0.0962
11 0.0370
11 0.1053
11 0.0000
11 0.0000
12 0.0588
12 0.0220
12 0.1165
12 0.0000
13 0.0976
13 0.0377
13 0.0000
14 0.0476
14 0.0000
15 0.3784
