0.0446927374301676
0.055865921787709494
0.07262569832402235
0.061452513966480445
0.0893854748603352
0.05027932960893855
0.055865921787709494
0.0782122905027933
0.0782122905027933
0.05027932960893855
0.07262569832402235
0.0670391061452514
0.061452513966480445
0.0670391061452514
0.05027932960893855
0.1005586592178771
0.07262569832402235
0.0670391061452514
0.027932960893854747
0.0446927374301676
0.05027932960893855
0.05027932960893855
0.0782122905027933
0.07262569832402235
0.07262569832402235
0.05027932960893855
0.05027932960893855
0.05027932960893855
0.061452513966480445
0.055865921787709494
0.08379888268156424
0.061452513966480445
0.08379888268156424
0.0335195530726257
0.07262569832402235
0.0670391061452514
0.055865921787709494
0.055865921787709494
0.0670391061452514
0.061452513966480445
0.08379888268156424
0.027932960893854747
0.061452513966480445
0.08379888268156424
0.0223463687150838
0.055865921787709494
0.03910614525139665
0.055865921787709494
0.061452513966480445
0.0446927374301676
