1 0.1947
1 0.2597
1 0.2693
1 0.2514
1 0.2068
1 0.2584
1 0.2438
1 0.2951
1 0.3053
1 0.2537
1 0.2612
1 0.2061
1 0.2376
1 0.1746
1 0.2132
1 0.2315
1 0.2794
1 0.1952
1 0.2303
1 0.2445
1 0.2113
1 0.2560
1 0.2028
1 0.2359
1 0.2332
1 0.1893
1 0.2350
1 0.1735
1 0.2055
1 0.2684
1 0.1983
1 0.2658
1 0.1440
1 0.0667
1 0.1995
1 0.0928
2 0.2289
2 0.2079
2 0.0674
2 0.2165
2 0.1340
2 0.1414
2 0.1651
2 0.1669
2 0.1031
2 0.0853
2 0.1287
2 0.1491
2 0.1182
2 0.1776
2 0.1475
2 0.1508
2 0.0460
2 0.1612
2 0.1048
2 0.1363
2 0.1458
2 0.1035
2 0.0883
2 0.1769
2 0.1685
2 0.1400
2 0.0841
2 0.1098
2 0.0985
2 0.1974
2 0.0638
2 0.1369
2 0.0608
2 0.1413
2 0.1024
3 0.2197
3 0.2163
3 0.2915
3 0.2427
3 0.1994
3 0.2549
3 0.2201
3 0.2454
3 0.2581
3 0.1327
3 0.1818
3 0.2429
3 0.1767
3 0.3112
3 0.2572
3 0.1445
3 0.2103
3 0.2108
3 0.2817
3 0.3059
3 0.1970
3 0.1663
3 0.1953
3 0.2453
3 0.1960
3 0.1353
3 0.2481
3 0.2342
3 0.1882
3 0.2244
3 0.0736
3 0.0709
3 0.1985
3 0.1417
4 0.2362
4 0.1863
4 0.3503
4 0.2182
4 0.3825
4 0.3193
4 0.3237
4 0.2547
4 0.1408
4 0.3101
4 0.2255
4 0.0960
4 0.3003
4 0.3570
4 0.2262
4 0.3047
4 0.1722
4 0.1914
4 0.3591
4 0.2191
4 0.2220
4 0.2007
4 0.1572
4 0.2443
4 0.1775
4 0.2154
4 0.3323
4 0.2845
4 0.3560
4 0.1684
4 0.0390
4 0.1700
4 0.1307
5 0.1647
5 0.2324
5 0.2060
5 0.3276
5 0.2215
5 0.3091
5 0.2151
5 0.1867
5 0.2273
5 0.1270
5 0.0565
5 0.2751
5 0.2844
5 0.2503
5 0.2126
5 0.1483
5 0.2330
5 0.2348
5 0.2039
5 0.3079
5 0.1380
5 0.2802
5 0.1849
5 0.2629
5 0.1582
5 0.3111
5 0.1972
5 0.3124
5 0.1628
5 0.0638
5 0.1507
5 0.0899
6 0.2220
6 0.2311
6 0.2671
6 0.2750
6 0.2688
6 0.2079
6 0.2122
6 0.2477
6 0.1905
6 0.1236
6 0.2416
6 0.2801
6 0.2051
6 0.3153
6 0.2527
6 0.2140
6 0.2109
6 0.2387
6 0.2458
6 0.2044
6 0.2329
6 0.2549
6 0.2278
6 0.2924
6 0.2027
6 0.2627
6 0.2246
6 0.1053
6 0.0659
6 0.1486
6 0.1864
7 0.2198
7 0.4612
7 0.3083
7 0.3368
7 0.3446
7 0.1952
7 0.2822
7 0.2200
7 0.1641
7 0.3782
7 0.4696
7 0.2458
7 0.2272
7 0.3208
7 0.2919
7 0.3299
7 0.3046
7 0.2442
7 0.2132
7 0.2080
7 0.2675
7 0.0545
7 0.2780
7 0.4116
7 0.2265
7 0.3643
7 0.1740
7 0.0265
7 0.1641
7 0.1275
8 0.3055
8 0.2246
8 0.2617
8 0.2431
8 0.3883
8 0.2318
8 0.2083
8 0.1151
8 0.2446
8 0.3298
8 0.2059
8 0.2039
8 0.1940
8 0.1609
8 0.2453
8 0.1479
8 0.1354
8 0.1961
8 0.1348
8 0.1396
8 0.1912
8 0.1797
8 0.2796
8 0.2127
8 0.2543
8 0.2057
8 0.2366
8 0.1682
8 0.0448
9 0.3314
9 0.4672
9 0.4021
9 0.2410
9 0.3223
9 0.2325
9 0.1446
9 0.5177
9 0.7337
9 0.3867
9 0.3508
9 0.2591
9 0.2345
9 0.5114
9 0.2540
9 0.2352
9 0.1518
9 0.1794
9 0.3345
9 0.1920
9 0.2787
9 0.6452
9 0.2554
9 0.6197
9 0.2513
9 0.1900
9 0.1575
9 0.1203
10 0.3058
10 0.2855
10 0.1738
10 0.2676
10 0.1603
10 0.1660
10 0.3367
10 0.3287
10 0.1544
10 0.2231
10 0.2380
10 0.2140
10 0.3255
10 0.1777
10 0.1829
10 0.1787
10 0.2738
10 0.3302
10 0.0864
10 0.2263
10 0.2680
10 0.2712
10 0.3059
10 0.1092
10 0.0000
10 0.1937
10 0.1822
11 0.3448
11 0.2190
11 0.2601
11 0.1748
11 0.2641
11 0.3975
11 0.4604
11 0.2643
11 0.2753
11 0.2623
11 0.2386
11 0.3695
11 0.2654
11 0.2811
11 0.1794
11 0.2474
11 0.2939
11 0.1072
11 0.2735
11 0.4322
11 0.2539
11 0.4453
11 0.1723
11 0.0958
11 0.2283
11 0.1638
12 0.1966
12 0.2092
12 0.0994
12 0.1377
12 0.3557
12 0.3806
12 0.2406
12 0.2339
12 0.2419
12 0.2711
12 0.3380
12 0.1839
12 0.2032
12 0.1652
12 0.2542
12 0.2568
12 0.0906
12 0.2183
12 0.3637
12 0.2271
12 0.3575
12 0.1607
12 0.0256
12 0.1397
12 0.1204
13 0.1315
13 0.1905
13 0.1384
13 0.2489
13 0.2031
13 0.1946
13 0.1764
13 0.1980
13 0.1299
13 0.2263
13 0.2467
13 0.2160
13 0.1774
13 0.1552
13 0.1427
13 0.1443
13 0.0567
13 0.2267
13 0.1671
13 0.2250
13 0.2127
13 0.2455
13 0.1518
13 0.0431
14 0.1526
14 0.0572
14 0.2344
14 0.2895
14 0.2056
14 0.2512
14 0.0909
14 0.2067
14 0.2424
14 0.2164
14 0.2419
14 0.1922
14 0.0822
14 0.3106
14 0.2367
14 0.2327
14 0.3288
14 0.2291
14 0.3157
14 0.1641
14 0.0301
14 0.1474
14 0.1660
15 0.0548
15 0.1987
15 0.2090
15 0.1060
15 0.1234
15 0.1924
15 0.1528
15 0.3129
15 0.1916
15 0.1520
15 0.2026
15 0.1786
15 0.1457
15 0.1826
15 0.1224
15 0.1781
15 0.2342
15 0.1982
15 0.0512
15 0.0444
15 0.1153
15 0.0357
16 0.1666
16 0.1866
16 0.0750
16 0.2548
16 0.2285
16 0.0949
16 0.2287
16 0.1775
16 0.0832
16 0.1655
16 0.1478
16 0.1591
16 0.1181
16 0.1255
16 0.1521
16 0.1702
16 0.1687
16 0.1889
16 0.0441
16 0.1994
16 0.0793
17 0.5473
17 0.2680
17 0.2281
17 0.2991
17 0.2851
17 0.4313
17 0.2809
17 0.1843
17 0.1872
17 0.2556
17 0.2727
17 0.1563
17 0.3189
17 0.3922
17 0.2713
17 0.3725
17 0.1529
17 0.0472
17 0.1666
17 0.0455
18 0.3248
18 0.3008
18 0.2910
18 0.3044
18 0.5446
18 0.2398
18 0.1752
18 0.1796
18 0.2652
18 0.3174
18 0.0630
18 0.2983
18 0.6129
18 0.2260
18 0.5234
18 0.2064
18 0.0999
18 0.1622
18 0.0381
19 0.2249
19 0.1157
19 0.1216
19 0.2495
19 0.2173
19 0.1257
19 0.0690
19 0.0774
19 0.2231
19 0.0783
19 0.1456
19 0.3555
19 0.1681
19 0.3356
19 0.2244
19 0.1226
19 0.0793
19 0.0762
20 0.1677
20 0.1514
20 0.2815
20 0.2058
20 0.1942
20 0.1649
20 0.1866
20 0.2153
20 0.1948
20 0.3005
20 0.3380
20 0.2126
20 0.3034
20 0.1808
20 0.0190
20 0.2188
20 0.2212
21 0.3513
21 0.3411
21 0.2051
21 0.1857
21 0.1972
21 0.2761
21 0.2298
21 0.0385
21 0.1966
21 0.2342
21 0.2493
21 0.2290
21 0.0767
21 0.0000
21 0.1357
21 0.0437
22 0.3538
22 0.1888
22 0.1748
22 0.1709
22 0.3634
22 0.2030
22 0.0437
22 0.1904
22 0.2509
22 0.2781
22 0.1757
22 0.0809
22 0.0000
22 0.2027
22 0.0000
23 0.2225
23 0.1937
23 0.1982
23 0.3220
23 0.2948
23 0.1837
23 0.2275
23 0.4178
23 0.2803
23 0.4240
23 0.1650
23 0.0000
23 0.1698
23 0.0455
24 0.2189
24 0.2026
24 0.2450
24 0.2663
24 0.2474
24 0.2148
24 0.2595
24 0.2033
24 0.2345
24 0.0526
24 0.0258
24 0.1408
24 0.1284
25 0.1296
25 0.1720
25 0.2226
25 0.2917
25 0.2887
25 0.2411
25 0.1464
25 0.2322
25 0.0779
25 0.0294
25 0.1350
25 0.0828
26 0.2161
26 0.2036
26 0.1521
26 0.1374
26 0.1425
26 0.1932
26 0.1313
26 0.0681
26 0.0341
26 0.1394
26 0.0869
27 0.2322
27 0.1340
27 0.1694
27 0.1672
27 0.1806
27 0.1663
27 0.0372
27 0.0408
27 0.1377
27 0.1730
28 0.2896
28 0.2447
28 0.3404
28 0.2096
28 0.3175
28 0.1358
28 0.0408
28 0.1235
28 0.2182
29 0.1591
29 0.1268
29 0.1170
29 0.1340
29 0.1746
29 0.0000
29 0.0991
29 0.0345
30 0.2966
30 0.2148
30 0.2988
30 0.0996
30 0.0000
30 0.1544
30 0.3164
31 0.2360
31 0.7680
31 0.2619
31 0.0388
31 0.1252
31 0.2034
32 0.2290
32 0.0999
32 0.0650
32 0.2214
32 0.1107
33 0.2195
33 0.0631
33 0.1291
33 0.2868
34 0.0480
34 0.0995
34 0.0455
35 0.0142
35 0.0000
36 0.0702
