1 0.0000
1 0.0204
1 0.0197
1 0.0056
1 0.0974
1 0.0195
1 0.0261
1 0.0099
1 0.0090
1 0.0167
1 0.0109
1 0.0122
1 0.0128
1 0.0118
1 0.0000
1 0.0102
1 0.0000
1 0.0070
1 0.0346
1 0.0033
1 0.0064
1 0.0033
1 0.0032
1 0.0000
1 0.0217
1 0.0000
1 0.0072
1 0.0032
1 0.0102
1 0.0106
1 0.0096
1 0.0072
1 0.0035
1 0.0000
1 0.0000
1 0.0000
2 0.0191
2 0.0015
2 0.0000
2 0.0064
2 0.0000
2 0.0000
2 0.0000
2 0.0087
2 0.0000
2 0.0047
2 0.0000
2 0.0000
2 0.0000
2 0.0014
2 0.0031
2 0.0000
2 0.0000
2 0.0000
2 0.0153
2 0.0213
2 0.0201
2 0.0000
2 0.0000
2 0.0077
2 0.0046
2 0.0016
2 0.0000
2 0.0000
2 0.0000
2 0.0030
2 0.0000
2 0.0031
2 0.0000
2 0.0015
2 0.0000
3 0.0332
3 0.0000
3 0.0020
3 0.0387
3 0.0072
3 0.0250
3 0.0256
3 0.0055
3 0.0148
3 0.0051
3 0.0000
3 0.0050
3 0.0025
3 0.0256
3 0.0057
3 0.0029
3 0.0028
3 0.0137
3 0.0162
3 0.0111
3 0.0000
3 0.0000
3 0.0104
3 0.0028
3 0.0000
3 0.0000
3 0.0056
3 0.0087
3 0.0026
3 0.0029
3 0.0000
3 0.0000
3 0.0027
3 0.0000
4 0.0055
4 0.0000
4 0.0075
4 0.0233
4 0.0079
4 0.0127
4 0.0161
4 0.0100
4 0.0000
4 0.0073
4 0.0061
4 0.0000
4 0.0085
4 0.0093
4 0.0093
4 0.0083
4 0.0000
4 0.0000
4 0.0164
4 0.0000
4 0.0000
4 0.0000
4 0.0000
4 0.0000
4 0.0000
4 0.0171
4 0.0000
4 0.0221
4 0.0000
4 0.0000
4 0.0000
4 0.0000
4 0.0000
5 0.0000
5 0.0054
5 0.0000
5 0.0056
5 0.0048
5 0.0056
5 0.0066
5 0.0000
5 0.0053
5 0.0000
5 0.0000
5 0.0000
5 0.0000
5 0.0000
5 0.0000
5 0.0000
5 0.0000
5 0.0000
5 0.0000
5 0.0539
5 0.0000
5 0.0000
5 0.0000
5 0.0335
5 0.0059
5 0.0000
5 0.0000
5 0.0066
5 0.0062
5 0.0000
5 0.0000
5 0.0063
6 0.0040
6 0.0103
6 0.0000
6 0.0000
6 0.0209
6 0.0000
6 0.0000
6 0.0159
6 0.0035
6 0.0000
6 0.0000
6 0.0000
6 0.0089
6 0.0000
6 0.0123
6 0.0080
6 0.0000
6 0.0287
6 0.0000
6 0.0168
6 0.0042
6 0.0045
6 0.0040
6 0.0085
6 0.0000
6 0.0039
6 0.0000
6 0.0000
6 0.0000
6 0.0000
6 0.0000
7 0.0170
7 0.0077
7 0.0253
7 0.0000
7 0.0000
7 0.0000
7 0.0071
7 0.0120
7 0.0000
7 0.0083
7 0.0000
7 0.0000
7 0.0081
7 0.0233
7 0.0000
7 0.0000
7 0.0000
7 0.0000
7 0.0000
7 0.0000
7 0.0095
7 0.0000
7 0.0083
7 0.0092
7 0.0071
7 0.0098
7 0.0000
7 0.0000
7 0.0078
7 0.0000
8 0.0178
8 0.0000
8 0.0180
8 0.0000
8 0.2390
8 0.0000
8 0.0000
8 0.0000
8 0.0000
8 0.0132
8 0.0133
8 0.0061
8 0.0000
8 0.0000
8 0.0000
8 0.0000
8 0.0000
8 0.0000
8 0.0000
8 0.0000
8 0.0000
8 0.0000
8 0.0000
8 0.0055
8 0.0000
8 0.0000
8 0.0204
8 0.0000
8 0.0000
9 0.0131
9 0.0083
9 0.0104
9 0.0136
9 0.0075
9 0.0000
9 0.0000
9 0.0088
9 0.0000
9 0.0097
9 0.0086
9 0.0081
9 0.0000
9 0.0000
9 0.0000
9 0.0000
9 0.0211
9 0.0531
9 0.0000
9 0.0000
9 0.0000
9 0.0098
9 0.0000
9 0.0105
9 0.0000
9 0.0000
9 0.0000
9 0.0096
10 0.0000
10 0.0240
10 0.0000
10 0.0061
10 0.0000
10 0.0165
10 0.0000
10 0.0149
10 0.0000
10 0.0068
10 0.0263
10 0.0062
10 0.0000
10 0.0000
10 0.0000
10 0.0037
10 0.0000
10 0.0078
10 0.0000
10 0.0139
10 0.0000
10 0.0000
10 0.0079
10 0.0000
10 0.0000
10 0.0065
10 0.0000
11 0.0215
11 0.0000
11 0.0076
11 0.0000
11 0.0000
11 0.0089
11 0.0000
11 0.0000
11 0.0088
11 0.0082
11 0.0000
11 0.0085
11 0.0000
11 0.0000
11 0.0169
11 0.0000
11 0.0104
11 0.0000
11 0.0000
11 0.0100
11 0.0000
11 0.0108
11 0.0000
11 0.0000
11 0.0000
11 0.0000
12 0.0000
12 0.0000
12 0.0000
12 0.0160
12 0.0115
12 0.0130
12 0.0000
12 0.0000
12 0.0426
12 0.0722
12 0.0000
12 0.0000
12 0.0000
12 0.0000
12 0.0000
12 0.0141
12 0.0000
12 0.0115
12 0.0000
12 0.0189
12 0.0147
12 0.0000
12 0.0000
12 0.0000
12 0.0000
13 0.0063
13 0.0000
13 0.0000
13 0.0000
13 0.0000
13 0.0488
13 0.0000
13 0.0000
13 0.0000
13 0.0000
13 0.0065
13 0.0000
13 0.0038
13 0.0000
13 0.0000
13 0.0000
13 0.0000
13 0.0079
13 0.0000
13 0.0083
13 0.0076
13 0.0114
13 0.0000
13 0.0000
14 0.0000
14 0.0000
14 0.0000
14 0.0088
14 0.0088
14 0.0160
14 0.0075
14 0.0000
14 0.0000
14 0.0146
14 0.0078
14 0.0040
14 0.0000
14 0.1474
14 0.0072
14 0.0000
14 0.0000
14 0.0000
14 0.0000
14 0.0000
14 0.0000
14 0.0000
14 0.0000
15 0.0000
15 0.0000
15 0.0071
15 0.0000
15 0.0000
15 0.0000
15 0.0000
15 0.0000
15 0.0000
15 0.0000
15 0.0000
15 0.0000
15 0.0000
15 0.0000
15 0.0000
15 0.0000
15 0.0000
15 0.0000
15 0.0000
15 0.0000
15 0.0000
15 0.0000
16 0.0000
16 0.0000
16 0.0000
16 0.0208
16 0.0065
16 0.0000
16 0.0000
16 0.0000
16 0.0000
16 0.0000
16 0.0000
16 0.0000
16 0.0000
16 0.0000
16 0.0076
16 0.0000
16 0.0244
16 0.0000
16 0.0000
16 0.0000
16 0.0000
17 0.0213
17 0.0000
17 0.0000
17 0.0087
17 0.0083
17 0.0000
17 0.0000
17 0.0000
17 0.0000
17 0.0092
17 0.0000
17 0.0000
17 0.0000
17 0.0000
17 0.0080
17 0.0000
17 0.0000
17 0.0000
17 0.0088
17 0.0000
18 0.0000
18 0.0103
18 0.0095
18 0.0000
18 0.0000
18 0.0000
18 0.0000
18 0.0136
18 0.0000
18 0.0000
18 0.0000
18 0.0105
18 0.0120
18 0.0450
18 0.0132
18 0.0000
18 0.0000
18 0.0000
18 0.0000
19 0.0104
19 0.0000
19 0.0000
19 0.0000
19 0.0000
19 0.0000
19 0.0045
19 0.0000
19 0.0000
19 0.0000
19 0.0000
19 0.0122
19 0.0000
19 0.0000
19 0.0116
19 0.0000
19 0.0000
19 0.0000
20 0.0085
20 0.0000
20 0.0000
20 0.0000
20 0.0000
20 0.0000
20 0.0000
20 0.0000
20 0.0000
20 0.0000
20 0.0105
20 0.0000
20 0.0114
20 0.0101
20 0.0000
20 0.0000
20 0.0000
21 0.0233
21 0.0000
21 0.0000
21 0.0000
21 0.0125
21 0.0435
21 0.0101
21 0.0000
21 0.0087
21 0.0097
21 0.0149
21 0.0000
21 0.0000
21 0.0000
21 0.0000
21 0.0000
22 0.0079
22 0.0000
22 0.0000
22 0.0000
22 0.0080
22 0.0095
22 0.0000
22 0.0000
22 0.0000
22 0.0000
22 0.0000
22 0.0000
22 0.0000
22 0.0000
22 0.0000
23 0.0000
23 0.0000
23 0.0000
23 0.0000
23 0.0000
23 0.0000
23 0.0000
23 0.0000
23 0.0000
23 0.0110
23 0.0000
23 0.0000
23 0.0000
23 0.0000
24 0.0246
24 0.0000
24 0.0000
24 0.0097
24 0.0388
24 0.0084
24 0.0000
24 0.0145
24 0.0100
24 0.0000
24 0.0000
24 0.0000
24 0.0000
25 0.0000
25 0.0088
25 0.0000
25 0.1792
25 0.0000
25 0.0000
25 0.0000
25 0.0000
25 0.0000
25 0.0000
25 0.0000
25 0.0000
26 0.0128
26 0.0000
26 0.0000
26 0.0000
26 0.0000
26 0.0000
26 0.0000
26 0.0000
26 0.0000
26 0.0000
26 0.0000
27 0.0000
27 0.0000
27 0.0000
27 0.0000
27 0.0000
27 0.0000
27 0.0000
27 0.0000
27 0.0000
27 0.0101
28 0.0000
28 0.0000
28 0.0000
28 0.0000
28 0.0000
28 0.0000
28 0.0000
28 0.0000
28 0.0000
29 0.0000
29 0.0000
29 0.0000
29 0.0000
29 0.0000
29 0.0000
29 0.0000
29 0.0000
30 0.0000
30 0.0080
30 0.0000
30 0.0000
30 0.0000
30 0.0179
30 0.2152
31 0.0000
31 0.0135
31 0.0000
31 0.0000
31 0.0000
31 0.0000
32 0.0000
32 0.0000
32 0.0000
32 0.0075
32 0.0087
33 0.0000
33 0.0000
33 0.0000
33 0.0000
34 0.0000
34 0.0000
34 0.0000
35 0.0000
35 0.0000
36 0.0097
