-0.038557122240267964
-0.043496460245611726
-0.03438749849602207
-0.01828603884236584
-0.10589577502336027
-0.15601523892293206
0.04986309770979559
-0.13419057090558312
-0.06610625565652711
0.005254785905950505
-0.00036068603236687457
-0.0836113272261547
0.015475947202721716
-0.15748082489368287
0.07470631548017488
-0.06462768197426552
0.033693845267628746
0.05887987120481254
0.03061079672983971
-0.039797811345162575
0.016356981755973096
0.010247760646032158
0.02812461981216626
0.030062277229241884
-0.0497757500721512
-0.08511944459215838
0.0019205396058390215
-0.06717520067844751
-0.04011393616107346
-0.026779305122762213
-0.11435913760278983
-0.04052743936835536
-0.17706881473711286
-0.11367379151512577
0.019489965807461634
0.012357840854706235
0.07845039770567976
0.07542479274139703
-0.01560393535082374
0.03195439719507726
0.0207776012129624
-0.03681411768058925
0.061503502196276406
-0.2363721644398727
-0.0770055033171754
-0.11292962430010192
-0.07562667427372147
-0.08281127952132274
0.009985246007749637
0.010651396178061458
-0.03539462053216397
0.2041566897160588
0.14717979047039165
0.060445684782881294
0.19157616835791053
-0.06327420487365688
0.14029318992377893
0.06899392158574051
-0.07596070630608792
-0.12632950673276488
-0.03800815100269858
-0.08453485203253253
0.11569703504486036
0.08041466944773416
0.00013516445191999167
0.11220863207795347
0.1177646117156083
0.13392987416534707
0.0045527156107519695
-0.08339349873714628
0.06355521557248799
0.0008736447346410725
0.07101453694971935
-0.08873602042407275
0.12583023813323
-0.06235108781122868
0.06637340117567002
-0.14099169770386813
0.09736071747696397
0.0015250732027796041
0.0273133367870557
-0.027050691028925048
-0.01426859353898448
0.010601961697466042
0.1792861222281698
-0.09633943362914894
0.10502460071577244
0.1571919677784365
0.05843526096495152
-0.10046669428781127
-0.0973600645972848
0.010255682528463131
-0.0683471062130374
-0.152143964858387
-0.0062462500673003225
-0.09768285442945943
0.14035835240973915
-0.055906931222795685
-0.04231544014284616
0.015709187854513914
0.05146860656253532
0.059908637379773165
0.04835834493014751
0.08704799223633554
0.10173505173844702
-0.026178482517794945
-0.06780071233571877
-0.12173525109758326
-0.12408322280478264
0.2140550969223115
0.09732870624642813
0.1755193763430832
-0.05778264188210401
0.09749177684794842
-0.02693551575142485
-0.1518453042640468
-0.020228236706591504
-0.12204059485952917
0.04409534467394287
0.028011838575888022
-0.012187936745932725
-0.0639549235920891
-0.06069843423035418
0.1148247381962747
-0.09718567931757334
0.05517520892781923
0.01761005509586516
0.12884863619741888
0.05676528084437763
0.13202400040445306
0.1093170875975913
-0.031055108282026234
-0.06400745965421069
-0.09124541051620683
0.07564541481420428
0.06916710267499566
-0.028856425511454818
0.23835995290586073
0.05287755052047175
-0.19205387832468587
-0.035332933642581735
-0.02808499104334277
0.14268186767969618
0.0614842510730868
0.07999170988668593
-0.2161141289565555
0.0541921539941157
-0.039004361531363996
0.021625904347598337
0.06907404056969538
0.03719173360542642
0.07684039664183204
-0.07836577981553194
0.039881340769210315
-0.037208138064155495
0.09527708342765945
0.01138889541796892
-0.16793735456871045
0.16068505843170758
0.07403672788178702
0.07714507503084318
-0.2789327109605895
-0.03277313050707834
-0.18712476868078728
-0.12227746842518951
-0.054679863756501676
-0.07672912340011732
-0.014167916857257518
-0.09793902953150067
-0.11932733358258858
-0.09602802196193597
-0.11696859447814732
-0.10201407805051346
-0.0754022631581016
-0.03707424572874788
0.0815052255310432
0.013310115237991721
-0.028984431034710822
-0.04117138023772549
0.050226815122908726
0.012714211312292306
-0.1309090631388762
-0.01954628181717589
0.10872390534458727
0.058534565894586
0.1789442229656045
0.03595777985077678
0.02198868437484966
-0.02626506200069111
-0.0379601566541419
-0.2145946306198942
-0.131290829149548
-0.18257270610989157
0.0963057119046704
0.02402831150103333
0.0915982870537848
-0.06480576182660068
0.10162625028176428
0.03339763221055643
0.07635354736659422
-0.030396287671586187
-0.011340412655933484
0.10110403355416382
-0.04891467285183917
0.0895475798780992
-0.09877741645129738
0.001445877075488899
0.035033794198581096
-0.05275975650358313
0.10061938296714752
0.20574748299397524
0.07055121087651002
-0.1475842175288335
-0.12590435166519992
-0.024528994496543555
-0.057198428448451626
-0.020507390583078985
0.004023117045014557
0.0828809621490919
0.14320498783748872
-0.05340475131312361
0.06487156001945144
0.17971537031205417
0.03255485599350733
0.10553725012908395
0.028120943888371892
0.06092105151776162
-0.04629191327084053
0.13372934493483843
0.034875103239379035
-0.0016528010468076606
0.1158087642570009
0.27967088778338844
-0.13181031263268916
-0.12778708985512507
0.018579898682369467
-0.021722224968958637
0.02297827503046186
0.03953639928734442
-0.04960763780911356
-0.02232173971412956
0.06675751376943288
0.07072501237562251
0.10701862077930381
0.19624227010289277
0.12194733844023721
0.019342448177186954
0.2282814123562544
-0.02074374014437197
-0.05340475131312361
-0.21441337216314
-0.0008942173901997323
0.11302516880243457
0.08603040447394206
0.13287846751626042
0.06937577681041805
-0.16001413249206595
0.06271971404378884
-0.02507293898116715
0.03592217915528185
0.10769175344096028
0.039514440038447556
0.06472500256605616
-0.06845069841138343
0.08590982311202155
0.20255763920761416
0.03874784506313833
-0.16928072264021113
-0.09989556013057942
-0.06610625565652711
-0.060659989903863155
-0.13176181417787736
-0.056976014047017305
0.07518148240957438
0.011601823504743465
-0.0639099538125994
-0.06391033642079544
-0.05509343302460163
-0.024825323389937762
0.05632820724903274
0.15399305306335034
0.2748241524187435
-0.009714028363901821
-0.0035482438082916285
0.07175672386532546
-0.09768285442945943
0.07325665003373437
0.028388056120768515
-0.04853676851704
0.016416186759580204
-0.01587443882556822
0.0030020348375442187
-0.13511509043050318
-0.024687413439241322
0.08182678723665224
-0.00557934661139297
0.13142508316238477
0.02023700337008965
0.07473908105219067
-0.022736908892779142
-0.23356183302599562
0.04816313596363886
-0.02839833196787551
0.0515056558869306
0.1704992148022564
0.03527750013596151
-0.06080649700543123
0.0022792104237899886
-0.07599778420782499
-0.17667181714110905
0.08163553293226931
0.04446084992248846
-0.045472214929697566
0.001406883212797607
0.00310255180128389
-0.10101011890100517
0.007637787228940429
0.058534565894586
-0.03447397374118334
-0.1778947075526456
-0.05685907530058444
0.05345234028537852
0.1396130898984671
0.059649479263371226
-0.05464405602418712
-0.11351904632317084
0.08643066922270677
0.16675532550936775
-0.04219410453274883
-0.22063655418224118
0.10416801446462551
-0.02048236831905514
0.20127827029968495
0.01765183428584516
0.03680618690091761
0.07981773234069976
0.13896114348683802
-0.151045459046672
-0.11012062006334969
-0.13357000363013855
0.05522371036779143
0.006020144007799586
-0.19425048233236875
0.0027263033595162404
0.0650885829364821
0.048926189368627936
-0.14453262878474898
-0.04371354921629327
0.23630989409293576
-0.052932803738928697
-0.12227446370867633
-0.15197707683451384
0.1383635796891763
-0.21727038436062565
-0.04472677071771661
-0.06576283573779991
0.07317838473443304
0.17888135408698372
-0.12787030056040957
-0.0815170206553575
0.03763415512238179
-0.0549278698704129
0.014968510187847995
0.13004570698291315
0.06003845258112329
0.011109103661313938
0.12187431460840846
0.03275643105861742
-0.14970363919324875
0.04472888733983954
-0.11487340131332718
0.07612100541634745
-0.13432409949129948
0.0361236111319509
-0.055499682166816416
0.11342017830884368
-0.05283159439510412
0.12814139707177125
-0.022736908892779142
0.07209748820789824
-0.06372838168264262
-0.02800726261686621
0.00011307847631591538
-0.0722174467657621
-0.0285285334352874
0.09974234759335641
-0.027264534585602965
0.08914337009783077
0.014270120781647931
0.005408734362909011
0.04571349510594253
-0.017346135813011546
0.12301815204210695
-0.0232318232907209
0.15481977815144984
0.13989275408089888
-0.09815044436222464
-0.1610785531244119
0.0068270979375004625
-0.012258334040037497
-0.10303755125417795
0.012865872102827542
0.015779804010646138
0.18283176605068993
0.16867436720204915
0.006343672617691967
0.018989849342791573
-0.01225624298186463
0.1517271938335606
0.02966285915962931
-0.035598041753150296
0.1148901812369721
-0.07030915312568532
-0.017620040551680705
-0.024758965138166097
0.0042721765536627146
-0.06571837810180231
-0.18844806404759662
0.07299160314310922
0.015781575397680776
0.0805418731750862
0.020975321043094138
-0.009577344548686993
0.005550116039528461
-0.10120510375282302
-0.05480669669904831
-0.0012843138949328841
-0.11030476024853378
0.09927524420305057
-0.06081878865876962
-0.03966265856447377
-0.17601927249106275
0.08547013164456849
0.056157931482989136
-0.025205499361836522
-0.008028372931149521
0.02635538528162838
-0.039571747652324976
-0.004265408585722024
-0.022214452326824195
0.058607245134116914
0.14760718684877086
-0.11939375957142363
0.030698162266862145
0.06024103636585289
0.003820477955028668
0.1139622735809239
-0.1509279090335819
0.160769503455223
-0.10310339980212281
0.07088521891048294
0.04553394363427483
-0.04808025984963735
-0.021000017419972136
-0.09078732632062951
0.09158186704492689
0.11919077098516016
0.020570340026557696
0.0193626573340072
-0.08687737268017144
-0.09595850986751206
-0.050833679560053704
-0.03672949267969298
-0.08089010047242988
-0.1140169476563591
-0.024887790477105355
0.1638844210929307
-0.03538539002671731
0.15584193629647608
-0.026180003310414333
-0.06610071541832638
-0.03918675488639835
0.05332315261717567
-0.08309842247028826
0.12058077746814186
-0.054285728620600666
-0.18616282162049502
-0.04434577506194949
-0.004621140353745653
0.009139420101531716
0.18468456894635207
-0.06352632022369913
-0.006360917276265951
0.06523302281360616
0.02271879486191891
-0.21221561460221455
0.16700384742499563
-0.003684823676838619
-0.07927321215825305
0.03966563242148578
-0.2084225545269348
-0.0610091299455534
-0.0041082090427977435
0.15924125967146416
-0.1490681599665302
-0.012564299134187086
-0.042486122083703844
-0.03261214459679449
0.1602164031614391
0.03033281795791713
0.17769790785602296
0.02388443708613403
-0.030450658816990554
-0.13916285043131119
-0.059766608018534395
-0.11722986452646851
-0.02217447103005738
0.08391343111717768
-0.020350436947661046
0.00649848123990059
0.03159744922939916
0.0027189222791737535
0.028655024942182646
0.1006945760726629
0.08863861450930054
0.03966216574910846
-0.049339577016673915
0.07015336900088075
-0.039379310040992446
-0.15277195641046565
0.05507747628750329
0.007337711441931951
-0.1707945474961292
0.0641298590520115
0.13423241665622485
0.06506104145179588
-0.13701492948614677
-0.09810890424445395
0.03299318016137977
-0.025980580246106992
0.029096448123638128
-0.2251169994707087
-0.06506669895819193
-0.13494868422720552
-0.005591881544676302
-0.08311994412015694
0.11717709552048136
-0.08218458712929513
-0.057300072134068146
0.02445070883595312
-0.03841259248248703
-0.21182460555068072
-0.05007304170210749
0.07739611797354462
-0.1257454338311708
0.021642298805229037
-0.13629205005320674
-0.0735654784409329
0.13591628305767137
-0.045765808984710506
0.031879135309498485
-0.12505830557333852
0.16691033786737378
0.172982933601083
0.027513086013152672
0.0015857228612396882
0.013908141308358317
-0.054765626778488334
-0.07962942527422882
0.029122894783278334
-0.08110711893017643
-0.29499869033420506
-0.05097694166061899
-0.09596768180376984
-0.1513819781908373
-0.001374910470085491
-0.0932349721729912
-0.1314282779940306
0.06636807400839105
0.08086829460285555
0.10204608276183948
0.07177602936838463
0.09409888291104573
0.07565311317830142
0.13731702683885688
0.022620054277859878
-0.015647398440581828
0.15162964823867367
0.15794510733612888
-0.12359469060971279
-0.10614787565034235
-0.0942310152740634
0.017506224435852907
-0.04744193167886716
0.03418429666097876
-0.08536718221367946
0.11426832452647334
0.041816316037332914
0.12654166897724023
-0.007970575774575151
-0.22878468621802406
-0.021584134676257787
0.08013218760305392
-0.04052743936835536
-0.07485908470725582
-0.04594148968098584
0.05641310482035814
-0.04674671111725169
0.03436864729647419
0.05374313917185753
0.06315444890381983
0.004315345729627697
0.06934324539034273
0.03503037615463352
0.038341179425453245
-0.03763944022036146
0.035047872382913486
0.1214052134496608
0.03347224549716349
-0.07766753620279962
0.010171526378577682
0.006306644639379969
0.018953601331432368
-0.08005834048426752
0.07356768717910574
-0.043755432972653094
-0.029436469489564483
0.14092383309980577
0.13271172676616227
0.006544825309281807
-0.028937499470936844
-0.036063266923921394
-0.04102887953136874
-0.07704012367955429
0.01710941969242611
0.06251277477557948
0.031443537638933025
-0.13931205483288192
0.19175015662907804
0.005393683498811306
0.12954122381913635
-0.08921038911745297
-0.04039568763271222
0.08718480102427795
-0.045543612134505945
-0.18375374563519342
-0.008576803001288779
0.013612877174037342
-0.007522113456202756
0.10811054166961462
-0.03856036711304887
-0.14021139580592698
0.0420818561479206
-0.04753683105509032
0.08735216006991893
-0.001318356637419615
-0.02791923013254514
0.17274312245058004
-0.12334680604946273
-0.040183720620558874
0.06973690423490839
-0.011884191671584722
0.09770921997660714
-0.05218035699424994
0.059839458884826606
-0.045794228012820105
-0.08409405285519723
0.1336233428074676
-0.021905757931553728
-0.02916751698084338
0.011606023910670981
0.13450942286991366
-0.09329139602200308
