0 1
0 2
1 11
2 11
2 4
3 10
3 4
4 10
4 5
4 7
5 6
6 11
7 8
7 29
8 9
10 11
10 12
11 13
11 15
11 116
12 14
13 14
14 32
14 16
14 18
15 16
16 112
16 17
16 29
16 30
17 18
18 33
18 19
19 20
20 21
21 22
22 24
22 31
22 23
23 69
23 71
24 25
24 26
25 29
26 114
26 27
26 31
27 28
28 30
29 37
30 31
31 112
31 113
32 36
33 35
33 36
33 42
34 35
34 36
36 37
36 38
36 39
37 64
38 39
39 40
39 41
40 41
41 48
42 43
43 44
44 48
44 45
45 46
45 47
46 48
46 68
47 48
48 65
48 68
48 49
48 50
48 53
49 56
50 57
50 51
51 52
52 53
53 58
53 54
53 55
54 58
54 55
55 56
55 57
55 58
58 59
58 60
58 62
59 60
59 61
60 61
60 63
61 65
61 66
62 63
63 64
64 65
64 67
65 66
67 80
67 115
67 68
68 69
68 74
68 76
69 73
69 74
69 70
70 72
70 71
73 74
74 76
74 117
75 76
75 117
76 77
76 79
76 81
77 78
78 79
79 96
79 97
79 98
79 80
79 95
81 82
81 95
82 83
82 84
83 84
84 88
84 85
84 87
85 86
87 88
88 89
88 91
89 90
90 91
91 99
91 101
91 92
91 93
92 93
93 99
93 94
93 95
94 95
95 96
97 99
98 99
99 100
99 102
99 103
99 105
100 101
102 104
102 109
102 103
103 104
104 105
104 106
104 107
105 106
107 108
108 109
109 110
109 111
113 114
