1 0.1538
1 0.2192
1 0.3182
1 0.2804
1 0.1780
1 0.2908
1 0.2122
1 0.3002
1 0.2618
1 0.2855
1 0.2404
1 0.1475
1 0.3081
1 0.1166
1 0.1394
1 0.2156
1 0.3199
1 0.2533
1 0.2916
1 0.1690
1 0.1617
1 0.2452
1 0.1881
1 0.1657
1 0.1733
1 0.1329
1 0.2179
1 0.1443
1 0.1472
1 0.2733
1 0.1939
1 0.2491
1 0.2623
1 0.0552
1 0.1838
1 0.0782
2 0.1359
2 0.1414
2 0.0583
2 0.1440
2 0.1140
2 0.0787
2 0.1377
2 0.1382
2 0.0781
2 0.0740
2 0.1077
2 0.0736
2 0.1295
2 0.1580
2 0.1064
2 0.1261
2 0.0695
2 0.1093
2 0.0878
2 0.1098
2 0.1394
2 0.0781
2 0.0347
2 0.1060
2 0.1541
2 0.0824
2 0.0649
2 0.0812
2 0.0809
2 0.1431
2 0.0299
2 0.0921
2 0.0307
2 0.1206
2 0.0396
3 0.2891
3 0.2060
3 0.2414
3 0.1995
3 0.1469
3 0.2659
3 0.2302
3 0.2171
3 0.2263
3 0.1154
3 0.2569
3 0.1483
3 0.1148
3 0.2500
3 0.1952
3 0.2007
3 0.2020
3 0.1728
3 0.1963
3 0.3424
3 0.1743
3 0.1760
3 0.1654
3 0.2189
3 0.1887
3 0.1001
3 0.1989
3 0.2133
3 0.1894
3 0.2059
3 0.1349
3 0.0278
3 0.1730
3 0.1066
4 0.4500
4 0.2333
4 0.4826
4 0.2449
4 0.5501
4 0.3767
4 0.4940
4 0.4328
4 0.1758
4 0.5214
4 0.1899
4 0.1215
4 0.4184
4 0.4988
4 0.4144
4 0.4426
4 0.2451
4 0.2136
4 0.4488
4 0.2449
4 0.2008
4 0.2516
4 0.1591
4 0.2970
4 0.0886
4 0.2516
4 0.4444
4 0.3013
4 0.5112
4 0.4034
4 0.0421
4 0.2491
4 0.1294
5 0.1888
5 0.4022
5 0.2161
5 0.4788
5 0.2968
5 0.4652
5 0.3306
5 0.1764
5 0.5098
5 0.0775
5 0.0782
5 0.3148
5 0.4044
5 0.3954
5 0.3682
5 0.1389
5 0.1695
5 0.3350
5 0.2159
5 0.2951
5 0.1246
5 0.1475
5 0.2572
5 0.1736
5 0.1846
5 0.4523
5 0.2573
5 0.4639
5 0.3646
5 0.0458
5 0.1520
5 0.1183
6 0.2238
6 0.1905
6 0.2203
6 0.1584
6 0.2807
6 0.2569
6 0.1588
6 0.2569
6 0.1640
6 0.0833
6 0.2175
6 0.1677
6 0.2011
6 0.1952
6 0.1982
6 0.2136
6 0.2065
6 0.1967
6 0.1524
6 0.1598
6 0.1778
6 0.2791
6 0.1547
6 0.2184
6 0.1921
6 0.1875
6 0.1952
6 0.1714
6 0.0552
6 0.0925
6 0.1104
7 0.2163
7 0.5092
7 0.3270
7 0.4346
7 0.4421
7 0.1837
7 0.4429
7 0.1713
7 0.1489
7 0.3587
7 0.5077
7 0.3690
7 0.3722
7 0.2671
7 0.2435
7 0.3557
7 0.2717
7 0.1744
7 0.1688
7 0.1325
7 0.2653
7 0.0797
7 0.2267
7 0.4376
7 0.3206
7 0.3993
7 0.3767
7 0.0245
7 0.2068
7 0.1161
8 0.2971
8 0.1459
8 0.2676
8 0.2128
8 0.3293
8 0.2366
8 0.1574
8 0.1019
8 0.2132
8 0.3000
8 0.2424
8 0.2346
8 0.1239
8 0.1120
8 0.2252
8 0.1299
8 0.1261
8 0.1274
8 0.0816
8 0.1282
8 0.1075
8 0.1567
8 0.2810
8 0.1770
8 0.2252
8 0.2714
8 0.1802
8 0.1530
8 0.0339
9 0.2517
9 0.5004
9 0.4340
9 0.1973
9 0.4759
9 0.2186
9 0.0988
9 0.4349
9 0.5794
9 0.4717
9 0.4130
9 0.2249
9 0.1769
9 0.4539
9 0.2174
9 0.1717
9 0.1271
9 0.1205
9 0.2818
9 0.1246
9 0.2343
9 0.4762
9 0.2968
9 0.4490
9 0.4630
9 0.1290
9 0.2172
9 0.0800
10 0.3429
10 0.3140
10 0.1401
10 0.3123
10 0.0937
10 0.1758
10 0.2899
10 0.3022
10 0.2074
10 0.2830
10 0.2005
10 0.1911
10 0.2883
10 0.1928
10 0.1458
10 0.1378
10 0.2095
10 0.2617
10 0.0755
10 0.1900
10 0.2177
10 0.2570
10 0.2826
10 0.2216
10 0.0000
10 0.1760
10 0.1362
11 0.4471
11 0.1935
11 0.4432
11 0.1257
11 0.1609
11 0.3893
11 0.4648
11 0.3860
11 0.3972
11 0.2281
11 0.2143
11 0.4179
11 0.2419
11 0.1982
11 0.1603
11 0.1842
11 0.3704
11 0.0989
11 0.2510
11 0.4167
11 0.3008
11 0.4525
11 0.3860
11 0.0430
11 0.2148
11 0.1412
12 0.1639
12 0.3655
12 0.1412
12 0.0615
12 0.4348
12 0.4100
12 0.4010
12 0.4064
12 0.4213
12 0.2980
12 0.3514
12 0.1818
12 0.2286
12 0.1839
12 0.2316
12 0.3231
12 0.0839
12 0.2936
12 0.3691
12 0.2669
12 0.3980
12 0.3793
12 0.0250
12 0.1423
12 0.0949
13 0.1776
13 0.1209
13 0.0700
13 0.2000
13 0.1562
13 0.2353
13 0.2105
13 0.1364
13 0.0800
13 0.1739
13 0.1667
13 0.1290
13 0.1329
13 0.1200
13 0.1353
13 0.1230
13 0.0444
13 0.1867
13 0.1613
13 0.1765
13 0.3212
13 0.1754
13 0.1614
13 0.0317
14 0.0909
14 0.0976
14 0.3281
14 0.4535
14 0.4148
14 0.4584
14 0.1671
14 0.1391
14 0.3462
14 0.2637
14 0.1950
14 0.1808
14 0.1351
14 0.3172
14 0.1257
14 0.2656
14 0.5197
14 0.3036
14 0.5742
14 0.4033
14 0.0412
14 0.1636
14 0.1795
15 0.0305
15 0.0945
15 0.1307
15 0.1260
15 0.1149
15 0.1114
15 0.1193
15 0.2300
15 0.1023
15 0.1237
15 0.1501
15 0.1075
15 0.0879
15 0.0600
15 0.1090
15 0.1518
15 0.1042
15 0.1478
15 0.1391
15 0.0227
15 0.1042
15 0.0250
16 0.1026
16 0.1449
16 0.1181
16 0.2000
16 0.0901
16 0.0741
16 0.1185
16 0.1348
16 0.0533
16 0.1007
16 0.1290
16 0.1026
16 0.0569
16 0.0836
16 0.1601
16 0.1532
16 0.1846
16 0.1368
16 0.0296
16 0.1778
16 0.0385
17 0.4849
17 0.3251
17 0.2941
17 0.2333
17 0.2703
17 0.3982
17 0.2069
17 0.1481
17 0.1674
17 0.1573
17 0.2500
17 0.0594
17 0.2210
17 0.2743
17 0.3103
17 0.2500
17 0.3113
17 0.0310
17 0.2277
17 0.0253
18 0.4419
18 0.3977
18 0.2740
18 0.2647
18 0.5000
18 0.1948
18 0.1203
18 0.1552
18 0.1921
18 0.2535
18 0.0577
18 0.2811
18 0.4419
18 0.1976
18 0.3544
18 0.3256
18 0.0541
18 0.2653
18 0.0247
19 0.4850
19 0.1754
19 0.1538
19 0.3636
19 0.1505
19 0.1739
19 0.1498
19 0.0723
19 0.2953
19 0.0984
19 0.2182
19 0.4640
19 0.2098
19 0.4294
19 0.5055
19 0.0690
19 0.1372
19 0.0860
20 0.2154
20 0.1400
20 0.3353
20 0.2250
20 0.1543
20 0.1538
20 0.1293
20 0.3061
20 0.1075
20 0.2564
20 0.5887
20 0.2270
20 0.4815
20 0.4444
20 0.0225
20 0.2084
20 0.1606
21 0.2957
21 0.3081
21 0.2000
21 0.1481
21 0.1705
21 0.2295
21 0.1786
21 0.0364
21 0.1935
21 0.2000
21 0.2008
21 0.1947
21 0.1587
21 0.0000
21 0.1700
21 0.0364
22 0.2878
22 0.1522
22 0.0860
22 0.1446
22 0.2045
22 0.1795
22 0.0545
22 0.1805
22 0.1695
22 0.1770
22 0.1333
22 0.1481
22 0.0000
22 0.1871
22 0.0000
23 0.2090
23 0.1481
23 0.1869
23 0.1987
23 0.2600
23 0.1293
23 0.1955
23 0.3309
23 0.2490
23 0.3380
23 0.3274
23 0.0000
23 0.2288
23 0.0244
24 0.1573
24 0.1373
24 0.2022
24 0.2537
24 0.1220
24 0.1690
24 0.2286
24 0.1852
24 0.1926
24 0.1031
24 0.0225
24 0.1433
24 0.0988
25 0.1039
25 0.1277
25 0.1975
25 0.2609
25 0.1446
25 0.1803
25 0.1327
25 0.1739
25 0.1481
25 0.0222
25 0.1119
25 0.0672
26 0.1707
26 0.1270
26 0.0795
26 0.1176
26 0.1272
26 0.1665
26 0.1140
26 0.0958
26 0.0217
26 0.1660
26 0.0558
27 0.1707
27 0.0612
27 0.1587
27 0.1014
27 0.1505
27 0.1091
27 0.0656
27 0.0235
27 0.1138
27 0.0779
28 0.1584
28 0.1860
28 0.3077
28 0.1770
28 0.2817
28 0.2716
28 0.0247
28 0.1118
28 0.1096
29 0.0987
29 0.0732
29 0.0736
29 0.0741
29 0.1455
29 0.0000
29 0.0860
29 0.0267
30 0.2570
30 0.1767
30 0.2740
30 0.2024
30 0.0000
30 0.1406
30 0.2475
31 0.2573
31 0.6234
31 0.4594
31 0.0230
31 0.1168
31 0.1519
32 0.2517
32 0.2238
32 0.0408
32 0.2516
32 0.0782
33 0.4500
33 0.0348
33 0.1294
33 0.2078
34 0.0762
34 0.2184
34 0.0732
35 0.0204
35 0.0000
36 0.0630
